n	avgPP	avgPF	avgPT	avgPE	sdPP	sdPF	sdPT	sdPE	avgIP	avgIF	avgIT	avgIE	sdIP	sdIF	sdIT	sdIE
0	14.5763982	10.456544	10.456544	10.456544	0.01675864532	0.01445655667	0.01445655667	0.01445655667	19.295618	17	17	17	0.01729058187	0	0	0
1	14.5897042	13.4323432	13.148583	12.3558621	0.01677354764	0.01644871055	0.01597972284	0.01484991397	19.295618	18.835788	18.75239	18.422389	0.01729058187	0.01539594386	0.01438768692	0.01127291399
2	14.5796282	13.8970267	13.7573608	13.1701004	0.01676284064	0.01661397843	0.0164174905	0.01501095219	19.295618	19.044323	18.985272	18.541596	0.01729058187	0.01626200334	0.01591298628	0.0133769195
3	14.5784722	14.0919018	14.0027493	13.5832332	0.01677443603	0.01666088481	0.01656749637	0.01555895761	19.295618	19.112842	19.079797	18.842848	0.01729058187	0.0165696972	0.01638453455	0.01481276667
4	14.5788482	14.2023895	14.1359461	13.8378207	0.01676265213	0.01668483573	0.01661303921	0.01594362181	19.295618	19.173355	19.128729	19.009683	0.01729058187	0.016730343	0.01661953054	0.01573766688
5	14.5856302	14.2764332	14.2244232	14.0048196	0.01676587941	0.01668766769	0.01664814552	0.01611449038	19.295618	19.177428	19.159188	19.044984	0.01729058187	0.01684865332	0.01675786707	0.0159527901
6	14.5879302	14.3290697	14.2863032	14.1175232	0.01676757101	0.01670653815	0.01667921099	0.01627623512	19.295618	19.197133	19.181668	19.097828	0.01729058187	0.01691279946	0.01684949435	0.01626117807
7	14.5776002	14.3491826	14.3139548	14.1783905	0.01676268568	0.01670864816	0.01669195325	0.01638698623	19.295618	19.210594	19.198032	19.123665	0.01729058187	0.01696677383	0.01691304883	0.01643815278
8	14.5756042	14.3783094	14.3468061	14.2374896	0.01676795345	0.01672592983	0.01670588979	0.01648445151	19.295618	19.226546	19.209629	19.163644	0.01729058187	0.01700262507	0.01696053512	0.01663670245
9	14.5721422	14.3925182	14.3652754	14.2731323	0.01677719903	0.0167316487	0.01671808697	0.01655053726	19.295618	19.228118	19.217966	19.182287	0.01729058187	0.01703677591	0.01699996236	0.01675465775
10	14.5734682	14.4122217	14.3891636	14.3105558	0.01677098211	0.0167334088	0.01672223451	0.01659154361	19.295618	19.235173	19.223944	19.196782	0.01729058187	0.01706847795	0.01702842547	0.01684051649
11	14.5801162	14.4301447	14.4095151	14.3407081	0.01677173931	0.01673582148	0.01673027372	0.01662593999	19.295618	19.236983	19.229759	19.205089	0.01729058187	0.01708456461	0.01705494915	0.01690136899
12	14.5852422	14.4485104	14.427145	14.3675593	0.01676883691	0.01673237875	0.0167230608	0.01664198198	19.295618	19.245876	19.23557	19.214577	0.01729058187	0.0171011157	0.01707594865	0.01695073595
13	14.5836182	14.4566868	14.4395811	14.3848589	0.01676178901	0.01673505529	0.01672787528	0.01665560749	19.295618	19.251272	19.239399	19.220461	0.01729058187	0.01711180967	0.01709191624	0.01698714271
14	14.5866562	14.4701125	14.4537295	14.4039408	0.01677233686	0.01675102909	0.01674291273	0.01668201217	19.295618	19.256945	19.243555	19.226092	0.01729058187	0.01712302448	0.01710655686	0.01701517439
15	14.5846242	14.4743439	14.4593622	14.4123766	0.01676063262	0.01673243915	0.01673073146	0.01667858617	19.295618	19.252251	19.247018	19.231274	0.01729058187	0.01713968875	0.01711937632	0.0170384226
16	14.5769762	14.4729144	14.4584567	14.4171992	0.01676363963	0.01674019548	0.01673426997	0.01668701838	19.295618	19.258576	19.249783	19.234548	0.01729058187	0.0171501988	0.017130709	0.01705924989
17	14.5747602	14.4761001	14.4617694	14.4237976	0.0167623343	0.01673875397	0.01673495852	0.01669960372	19.295618	19.257369	19.252306	19.238024	0.01729058187	0.01715660816	0.01714117685	0.01707577405
18	14.5856982	14.4936061	14.4802154	14.4452183	0.01677018077	0.01674538623	0.01674291674	0.0167077445	19.295618	19.261949	19.253686	19.240067	0.01729058187	0.01716096447	0.01714807438	0.01708902238
19	14.5883362	14.5010316	14.4886344	14.4553813	0.01678437041	0.01676076361	0.01675884498	0.01672647138	19.295618	19.261604	19.255936	19.243617	0.01729058187	0.01716724046	0.01715712277	0.01710165492
20	14.5807902	14.4968191	14.486192	14.4560801	0.01677353749	0.01675877074	0.01675423097	0.01672419478	19.295618	19.266439	19.25812	19.245789	0.01729058187	0.01717766879	0.01716527344	0.01711563365
21	14.5755282	14.4972289	14.4864587	14.4573094	0.01675739763	0.0167405611	0.01674053915	0.01671369731	19.295618	19.266261	19.260023	19.248026	0.01729058187	0.01718058132	0.01717292606	0.01712712773
22	14.5802582	14.5052	14.4940003	14.4665899	0.01676398525	0.01674526598	0.01674259763	0.01671322869	19.295618	19.26726	19.261427	19.249751	0.01729058187	0.01718386169	0.01717737042	0.01713415811
23	14.5789982	14.507971	14.4981658	14.4725433	0.01677297915	0.01675652365	0.01675471471	0.01673113931	19.295618	19.26967	19.262342	19.251417	0.01729058187	0.01719234142	0.01718265024	0.0171427663
24	14.5756362	14.5072794	14.4976952	14.4717285	0.01677050813	0.01675711813	0.01675562406	0.01673427962	19.295618	19.269246	19.264088	19.253125	0.01729058187	0.01720212841	0.01718750323	0.01714932186
25	14.5746882	14.5081124	14.4988242	14.4748808	0.01677718765	0.01676286787	0.01676081643	0.01673881034	19.295618	19.270096	19.264938	19.254412	0.01729058187	0.0172028528	0.01719234005	0.0171563498
26	14.5848742	14.5210307	14.5128225	14.4892649	0.01676586632	0.01674860984	0.01674644578	0.01672853797	19.295618	19.270343	19.265625	19.255641	0.01729058187	0.01720507724	0.01719532177	0.01716224768
27	14.5841702	14.5214938	14.5134617	14.4925357	0.01675649881	0.01674084355	0.0167384115	0.01671934705	19.295618	19.272722	19.266733	19.256913	0.01729058187	0.01720862585	0.01719869941	0.017166817
28	14.5747022	14.5181726	14.5096566	14.4896724	0.01677662906	0.01676448549	0.01676336345	0.01674670902	19.295618	19.271874	19.267554	19.258896	0.01729058187	0.01720879036	0.01720196698	0.01717281777
29	14.5823742	14.5248467	14.5169655	14.4964117	0.01676203228	0.01674765172	0.01674345786	0.01672953212	19.295618	19.274063	19.268595	19.259673	0.01729058187	0.01721428619	0.01720558878	0.01717754687
30	14.5787542	14.5230858	14.5156862	14.4969434	0.01676251435	0.01675111049	0.01674854535	0.01673558638	19.295618	19.275102	19.269178	19.260626	0.01729058187	0.01721634569	0.01720840825	0.01718257304
31	14.5792122	14.526799	14.519447	14.499752	0.01676969224	0.01675575623	0.01675504991	0.01673954676	19.295618	19.27393	19.26991	19.2603	0.01729058187	0.01721942576	0.01721099668	0.01718456989
32	14.5741782	14.5211945	14.513894	14.4956792	0.01676817861	0.01675361007	0.01675215273	0.01673662128	19.295618	19.274065	19.27048	19.261628	0.01729058187	0.01721927461	0.01721366624	0.01718812406
33	14.5817462	14.5320728	14.5249745	14.5077602	0.01676012506	0.0167443838	0.01674451522	0.01672993683	19.295618	19.274352	19.271265	19.262218	0.01729058187	0.01722272713	0.01721556016	0.01719202363
34	14.5827322	14.534052	14.5274592	14.5110194	0.01676665825	0.01675802068	0.01675496359	0.01674231843	19.295618	19.27552	19.272188	19.262626	0.01729058187	0.01722507659	0.01721806028	0.0171941016
35	14.5808362	14.5326876	14.526226	14.510897	0.01675904787	0.01674684425	0.01674601891	0.01673522334	19.295618	19.275044	19.27228	19.26375	0.01729058187	0.01722821515	0.01721980516	0.01719833213
36	14.5787542	14.5325408	14.5264228	14.5114228	0.01677231481	0.01675805492	0.01675827117	0.0167446453	19.295618	19.275552	19.272872	19.264472	0.01729058187	0.01722976998	0.01722203876	0.01720057514
37	14.5813262	14.5360004	14.529559	14.5151354	0.01676939748	0.01675845493	0.01675627569	0.01674600221	19.295618	19.277216	19.27301	19.265066	0.01729058187	0.01723084354	0.01722463688	0.01720337243
38	14.5854762	14.5408606	14.5345723	14.5198734	0.0167568731	0.01674539834	0.01674294872	0.01673185489	19.295618	19.278334	19.274007	19.265506	0.01729058187	0.01723206156	0.01722562929	0.01720552546
39	14.5763382	14.5322309	14.526853	14.5123175	0.01675603857	0.0167455521	0.01674497704	0.01673247146	19.295618	19.279361	19.27407	19.265655	0.01729058187	0.01723295754	0.01722804043	0.01720747656
40	14.5777322	14.5369679	14.5312496	14.5168958	0.0167714866	0.0167616443	0.01676123534	0.01674957159	19.295618	19.278651	19.274584	19.266722	0.01729058187	0.01723170202	0.01722907683	0.01721010102
41	14.5759122	14.5346098	14.5293378	14.5155793	0.01676496628	0.01675646711	0.01675530816	0.01674705506	19.295618	19.280682	19.275022	19.266877	0.01729058187	0.01723191637	0.01723134557	0.01721214426
42	14.5808142	14.5411915	14.5361125	14.5229899	0.01674262125	0.01673210632	0.0167302949	0.01671890005	19.295618	19.283235	19.276105	19.267491	0.01729058187	0.01723413614	0.01723206344	0.01721448738
43	14.5844782	14.5446328	14.5394458	14.5261587	0.01677593479	0.01676909734	0.01676469756	0.01675420074	19.295618	19.284072	19.275502	19.267663	0.01729058187	0.01723134113	0.01723307638	0.01721558306
44	14.5827562	14.5460124	14.5404837	14.5285628	0.01677063987	0.01676133347	0.01676084439	0.0167510906	19.295618	19.279976	19.276593	19.267812	0.01729058187	0.01723910385	0.01723407243	0.01721836048
45	14.5769682	14.5391772	14.5343524	14.5225131	0.01677903781	0.01677006051	0.01677023041	0.01675945425	19.295618	19.279628	19.277256	19.268399	0.01729058187	0.01724153898	0.017235624	0.01722013817
46	14.5783442	14.5425088	14.537672	14.5256136	0.01676475726	0.01675333761	0.01675259604	0.01674484663	19.295618	19.279812	19.27708	19.268624	0.01729058187	0.01724190428	0.01723709138	0.01722218132
47	14.5764882	14.54053	14.5362021	14.5242227	0.01676987176	0.01676144745	0.01676056324	0.01675103631	19.295618	19.28058	19.277609	19.268963	0.01729058187	0.01724123492	0.01723826091	0.0172230743
48	14.5752322	14.5388428	14.5348696	14.523249	0.01678209517	0.0167727039	0.01677052043	0.01676242126	19.295618	19.282972	19.278404	19.26917	0.01729058187	0.01724091763	0.01723911987	0.01722538646
49	14.5835922	14.5483742	14.5436606	14.5326109	0.01675804626	0.01674884852	0.01674543995	0.01673782574	19.295618	19.285318	19.278454	19.269361	0.01729058187	0.01724092195	0.01724009323	0.01722698501
50	14.5733602	14.5398569	14.5354973	14.525128	0.01676922258	0.01676017547	0.01676044183	0.01675186186	19.295618	19.281261	19.279117	19.26948	0.01729058187	0.01724451538	0.01724037169	0.01722868539
51	14.5902562	14.5578481	14.5534968	14.5429967	0.01677148112	0.01676244023	0.01676281817	0.01675433748	19.295618	19.281669	19.278952	19.269603	0.01729058187	0.01724468605	0.01724149237	0.01722955082
52	14.5772762	14.5447363	14.5405639	14.5307532	0.01676524531	0.01675501508	0.0167552108	0.01674769516	19.295618	19.282487	19.279611	19.270188	0.01729058187	0.01724660005	0.0172424561	0.01723171627
53	14.5765482	14.5442677	14.5406521	14.5302527	0.01675289258	0.01674690932	0.01674595343	0.01673527903	19.295618	19.284953	19.280089	19.270223	0.01729058187	0.01724682465	0.01724336872	0.01723362318
54	14.5830342	14.5521301	14.5472737	14.5375628	0.01677078215	0.01676302663	0.01676140133	0.01675325895	19.295618	19.282789	19.279853	19.270612	0.01729058187	0.01724754929	0.01724405201	0.01723418521
55	14.5823902	14.5516013	14.547638	14.536952	0.01677902929	0.01677178523	0.01677075165	0.01676202397	19.295618	19.282617	19.27988	19.271	0.01729058187	0.01724652683	0.01724426608	0.01723551789
56	14.5783542	14.5485194	14.544654	14.5356288	0.01677242618	0.01676557609	0.0167643769	0.01675769455	19.295618	19.283786	19.28008	19.270772	0.01729058187	0.01724775956	0.01724563588	0.01723734655
57	14.5817342	14.5522028	14.5478975	14.5383362	0.01677224272	0.01676542648	0.01676342473	0.01675414637	19.295618	19.285012	19.279975	19.270958	0.01729058187	0.01725141692	0.01724650081	0.01723920283
58	14.5841462	14.554921	14.5508819	14.5419856	0.01676720534	0.01676055125	0.01675910464	0.01675187285	19.295618	19.28271	19.280091	19.270424	0.01729058187	0.01724908159	0.01724712638	0.01724031422
59	14.5800242	14.5516493	14.5485896	14.53913	0.01676301605	0.01675344796	0.01675239547	0.0167439053	19.295618	19.283597	19.280324	19.27058	0.01729058187	0.0172492772	0.01724882941	0.01724141379
60	14.5782782	14.5504859	14.5462826	14.5371432	0.01677034005	0.01676382557	0.01676224786	0.01675265603	19.295618	19.283891	19.280554	19.270608	0.01729058187	0.01725266978	0.0172488264	0.01724215071
61	14.5824162	14.5549544	14.5511411	14.5428025	0.01675520818	0.01674843293	0.01674623631	0.01673914616	19.295618	19.285316	19.280499	19.270625	0.01729058187	0.01725125176	0.01724959563	0.01724338988
62	14.5788722	14.5514106	14.5470589	14.5381659	0.0167774652	0.01676681676	0.01676675328	0.01675781498	19.295618	19.283754	19.281221	19.270471	0.01729058187	0.01724986559	0.01725053102	0.01724390042
63	14.5883062	14.5611797	14.5579526	14.5494191	0.01677050474	0.016763766	0.01676260075	0.0167506814	19.295618	19.285033	19.281594	19.270059	0.01729058187	0.0172545528	0.01725121525	0.01724457707
64	14.5901462	14.5642026	14.5595021	14.55235	0.01676611759	0.01676199627	0.01676103641	0.01675064493	19.295618	19.284754	19.281729	19.27058	0.01729058187	0.01725429364	0.01725267967	0.01724648293
65	14.5847382	14.5586581	14.5553568	14.5464605	0.01676729007	0.01675947663	0.01675845203	0.01674937393	19.295618	19.284189	19.281752	19.270285	0.01729058187	0.01725456621	0.01725308025	0.01724802811
66	14.5797442	14.5541425	14.5511039	14.5431761	0.01676487654	0.01675684822	0.01675517462	0.01674600673	19.295618	19.286225	19.282091	19.269829	0.01729058187	0.01725692079	0.0172543389	0.01724948828
67	14.5839282	14.5591	14.5553259	14.5481358	0.01675839861	0.0167494154	0.01674985073	0.01673958156	19.295618	19.28586	19.282311	19.269082	0.01729058187	0.01725459498	0.017254637	0.01724950449
68	14.5832362	14.5585223	14.5551544	14.5474298	0.01676751908	0.01676291049	0.01676065952	0.01675261009	19.295618	19.286527	19.282276	19.268462	0.01729058187	0.01725583096	0.01725488978	0.01724973892
69	14.5812262	14.5570336	14.555003	14.5465369	0.01675801274	0.01675272144	0.01674953803	0.01673790757	19.295618	19.287164	19.28213	19.268021	0.01729058187	0.0172591475	0.01725584024	0.01725156541
70	14.5709582	14.5471534	14.5440826	14.5363987	0.01676259721	0.01675596305	0.01675492908	0.01674440525	19.295618	19.285706	19.282514	19.267623	0.01729058187	0.01725700136	0.01725590872	0.01725236049
71	14.5699082	14.5463203	14.5435703	14.5359908	0.01675099082	0.01674556597	0.01674493966	0.01673278645	19.295618	19.286587	19.282887	19.266512	0.01729058187	0.01725876088	0.01725651871	0.01725235765
72	14.5918282	14.5668933	14.5633918	14.5565272	0.01677670096	0.01676831558	0.01676647122	0.01675364365	19.295618	19.286637	19.282622	19.265928	0.01729058187	0.01725584487	0.01725658782	0.01725313597
73	14.5786242	14.5545442	14.5514424	14.5442132	0.01677274459	0.01676257081	0.01676273287	0.01674509172	19.295618	19.286138	19.282856	19.265268	0.01729058187	0.01726011997	0.01725815672	0.01725476384
74	14.5852142	14.5621635	14.5590436	14.5509839	0.01675928473	0.01675399229	0.01675214585	0.01673721564	19.295618	19.287235	19.283064	19.264031	0.01729058187	0.01725917424	0.01725839359	0.01725571913
75	14.5763982	14.5548476	14.5522704	14.5456021	0.01676369741	0.01675846115	0.01675720535	0.01674164856	19.295618	19.287264	19.283116	19.263209	0.01729058187	0.01725936147	0.01725897172	0.01725652473
76	14.5818682	14.5604218	14.5571172	14.5505759	0.01676242728	0.01675782524	0.0167559012	0.01674058011	19.295618	19.287262	19.283528	19.262251	0.01729058187	0.01725994742	0.01725893817	0.01725692315
77	14.5854702	14.5633713	14.5599092	14.5524715	0.01676485564	0.01675735593	0.01675558859	0.01673759843	19.295618	19.287057	19.283228	19.261055	0.01729058187	0.01726071069	0.01725895442	0.01725803371
78	14.5822042	14.5607867	14.5581813	14.5515499	0.01677261576	0.01676648008	0.01676528266	0.01674838227	19.295618	19.286863	19.283637	19.260151	0.01729058187	0.01726151828	0.01725960827	0.01725883384
79	14.5760542	14.5547257	14.5516687	14.5451403	0.01676930893	0.01676290607	0.01676160927	0.01674463604	19.295618	19.287153	19.283783	19.258787	0.01729058187	0.01726161125	0.01726048956	0.01725968586
80	14.5817322	14.5600849	14.5572316	14.5511122	0.01677199677	0.01676506325	0.01676520801	0.01674596698	19.295618	19.286481	19.284004	19.257338	0.01729058187	0.01726197061	0.01726133034	0.01726026643
81	14.5833462	14.562716	14.5602272	14.5538674	0.01675348225	0.01674921455	0.01674813856	0.01672779808	19.295618	19.28712	19.284128	19.255606	0.01729058187	0.01726244624	0.01726134543	0.01726099026
82	14.5780002	14.5574827	14.5547855	14.5476944	0.01676392729	0.01675909979	0.01675838161	0.01673785807	19.295618	19.287143	19.284335	19.254196	0.01729058187	0.01726163036	0.017262011	0.01726223886
83	14.5765962	14.5558277	14.5531125	14.5460305	0.01677340393	0.01676781613	0.01676601771	0.01674390882	19.295618	19.286553	19.284145	19.252285	0.01729058187	0.01726323405	0.01726231678	0.01726358419
84	14.5805302	14.5606902	14.5582666	14.5516576	0.0167637365	0.01675787293	0.01675744202	0.01673398945	19.295618	19.287798	19.284314	19.250544	0.01729058187	0.0172634312	0.01726197261	0.01726452105
85	14.5815182	14.5609335	14.5590054	14.552841	0.01676260856	0.01675696988	0.01675656839	0.01673135913	19.295618	19.286295	19.284646	19.24889	0.01729058187	0.01726414148	0.01726222487	0.01726493893
86	14.5809882	14.5616999	14.5592187	14.552738	0.01675978905	0.01675449531	0.0167537282	0.01672795788	19.295618	19.287531	19.284243	19.24674	0.01729058187	0.01726391949	0.01726189309	0.01726536387
87	14.5750222	14.5565849	14.5535162	14.5468794	0.01676012851	0.01675417584	0.01675336635	0.01672490384	19.295618	19.287121	19.284618	19.244766	0.01729058187	0.01726416266	0.01726264436	0.01726610393
88	14.5828522	14.5636509	14.5614074	14.555244	0.01676909457	0.01676338289	0.01676189101	0.01673192012	19.295618	19.287501	19.285026	19.24248	0.01729058187	0.0172628753	0.01726318574	0.0172665569
89	14.5821522	14.5634049	14.5610082	14.5551126	0.01677211784	0.01676658551	0.01676585743	0.01673425764	19.295618	19.287961	19.284938	19.239934	0.01729058187	0.01726311734	0.0172631704	0.01726698366
90	14.5850502	14.5662468	14.5637021	14.5574204	0.01675240145	0.0167477337	0.01674745948	0.0167152235	19.295618	19.287792	19.284889	19.237236	0.01729058187	0.01726248025	0.01726331092	0.01726697714
91	14.5853162	14.5664299	14.5647494	14.5583501	0.01675858863	0.0167539409	0.01675270368	0.0167174865	19.295618	19.288291	19.284846	19.234869	0.01729058187	0.01726349918	0.01726337896	0.01726727999
92	14.5845642	14.5662774	14.5638181	14.5578668	0.01676633467	0.01676084155	0.01675949595	0.01672239212	19.295618	19.288786	19.284949	19.232272	0.01729058187	0.01726264303	0.01726388146	0.01726733473
93	14.5840202	14.5659802	14.5634679	14.5576911	0.01674807068	0.01674043914	0.01673925215	0.01670124629	19.295618	19.287398	19.284931	19.229579	0.01729058187	0.01726403047	0.01726397472	0.01726913902
94	14.5809822	14.5629779	14.5609064	14.5550548	0.01677041131	0.0167659792	0.01676504067	0.01672418294	19.295618	19.288211	19.284976	19.226572	0.01729058187	0.01726515406	0.01726394661	0.01726965518
95	14.5753022	14.5568045	14.5554208	14.5485011	0.01677301744	0.01676896537	0.01676780731	0.01672721109	19.295618	19.287745	19.284932	19.223979	0.01729058187	0.0172651719	0.01726411607	0.01727000145
96	14.5730262	14.5557567	14.5533239	14.5473389	0.01676275675	0.0167573694	0.01675661052	0.0167116939	19.295618	19.288143	19.285311	19.220481	0.01729058187	0.01726596298	0.0172644871	0.01726974372
97	14.5851382	14.5679087	14.5648584	14.5582209	0.01676459746	0.01676029638	0.01675960574	0.01671243912	19.295618	19.287923	19.285276	19.216921	0.01729058187	0.0172652248	0.0172649892	0.01727054085
98	14.5900642	14.5733654	14.5714764	14.5648992	0.01675655537	0.0167542703	0.01675332572	0.01670208035	19.295618	19.288726	19.285476	19.213748	0.01729058187	0.01726570207	0.01726520079	0.01727049053
99	14.5857322	14.5687717	14.5663301	14.5603878	0.01677671576	0.01677150228	0.01677101897	0.01671785967	19.295618	19.288773	19.285629	19.210282	0.01729058187	0.01726636909	0.0172656097	0.01727087553
100	14.5819662	14.5659752	14.5639818	14.557964	0.01677147692	0.01676762303	0.01676685937	0.01671324885	19.295618	19.288788	19.285682	19.20686	0.01729058187	0.01726595796	0.0172662192	0.01727191687
