n	avgPP	avgPF	avgPT	avgPE	sdPP	sdPF	sdPT	sdPE	avgIP	avgIF	avgIT	avgIE	sdIP	sdIF	sdIT	sdIE
0	44.474878	33.466074	33.466074	33.466074	0.04014243861	0.0364963767	0.0364963767	0.0364963767	49.826716	47	47	47	0.03921337721	0	0	0
1	44.474308	42.39867	42.015372	39.670266	0.04015187293	0.03978889639	0.03894573446	0.03365023226	49.826716	49.555928	49.486478	48.10762	0.03921337721	0.03694757636	0.03614567218	0.02809120599
2	44.473592	43.295052	43.136924	41.68752	0.04017110466	0.0399312908	0.03968518555	0.03574661567	49.826716	49.64352	49.640416	48.953924	0.03921337721	0.03801397672	0.03778936223	0.03317209338
3	44.459412	43.636306	43.546635	42.670023	0.04014200364	0.03998545253	0.03986801301	0.03733897192	49.826716	49.715234	49.705427	49.394263	0.03921337721	0.03840340025	0.03828096373	0.03571286369
4	44.49724	43.859481	43.793864	43.245562	0.04014980513	0.04002837967	0.03995792973	0.0383115592	49.826716	49.749477	49.733042	49.548216	0.03921337721	0.03859538642	0.03851362882	0.03696256577
5	44.482146	43.966398	43.917487	43.547713	0.04015689447	0.04006308133	0.04002413505	0.03896701621	49.826716	49.751914	49.755777	49.664233	0.03921337721	0.038712534	0.0386549687	0.03780069941
6	44.489318	44.053089	44.013994	43.750337	0.04020530484	0.04011303263	0.04007627669	0.03936910454	49.826716	49.772127	49.76831	49.699833	0.03921337721	0.03879633965	0.0387523711	0.03815639321
7	44.477522	44.106956	44.074067	43.873389	0.0401804627	0.04012320904	0.04010027002	0.03960486584	49.826716	49.788278	49.780341	49.739879	0.03921337721	0.0388612215	0.03882487348	0.03842759847
8	44.458516	44.126295	44.097788	43.943008	0.04018085481	0.04010969091	0.04009431362	0.03975751125	49.826716	49.784731	49.786948	49.766376	0.03921337721	0.03890624232	0.03887802653	0.03861385837
9	44.462952	44.167117	44.142596	44.01471	0.04015795673	0.04009964395	0.04008489114	0.03983873131	49.826716	49.793349	49.790434	49.772964	0.03921337721	0.03894088259	0.03891615021	0.03870580054
10	44.46464	44.199053	44.178912	44.072691	0.04016852651	0.04012649146	0.04011486926	0.03993415871	49.826716	49.800045	49.793606	49.782533	0.03921337721	0.03896641264	0.03894480989	0.0387924774
11	44.470512	44.227885	44.208475	44.114682	0.04014114529	0.04009974466	0.04009151324	0.03994972852	49.826716	49.794563	49.795427	49.786774	0.03921337721	0.03899071496	0.03897034401	0.03884910218
12	44.458458	44.238015	44.220551	44.135364	0.04016038001	0.04012105632	0.04011421258	0.03999476764	49.826716	49.800725	49.798401	49.79098	0.03921337721	0.03900596234	0.03898942249	0.03888633797
13	44.476976	44.27164	44.256094	44.183644	0.04017851745	0.04013959571	0.0401320145	0.04004199384	49.826716	49.806164	49.800268	49.793772	0.03921337721	0.0390221945	0.03900613216	0.03892055787
14	44.46561	44.270462	44.254941	44.190743	0.04012491609	0.0400903411	0.04008423752	0.04001582422	49.826716	49.801532	49.802175	49.798141	0.03921337721	0.03903383284	0.03902089187	0.0389494181
15	44.475982	44.295813	44.28165	44.221729	0.04013616552	0.04010851633	0.04010336089	0.04003770879	49.826716	49.805583	49.803486	49.797911	0.03921337721	0.03904503627	0.03903189643	0.03896758868
16	44.473002	44.306418	44.294382	44.238662	0.04016093601	0.04013424319	0.04012862828	0.04007280767	49.826716	49.809272	49.804986	49.800758	0.03921337721	0.0390543338	0.03904107633	0.03898417051
17	44.468388	44.305442	44.293093	44.243375	0.04017781081	0.04014267462	0.04014113108	0.04009132756	49.826716	49.806026	49.807251	49.802789	0.03921337721	0.03906234817	0.03905298519	0.03900051128
18	44.46555	44.315333	44.305157	44.258579	0.04017495098	0.04014741157	0.04014427903	0.04009741722	49.826716	49.809125	49.808061	49.803343	0.03921337721	0.03907128476	0.03906141025	0.03901344178
19	44.472446	44.327987	44.317255	44.274276	0.04016712488	0.04014278105	0.04013812241	0.04010020093	49.826716	49.812685	49.808269	49.805242	0.03921337721	0.03907896482	0.03906942791	0.03902688952
20	44.485364	44.352947	44.342969	44.299363	0.04018705252	0.04016490121	0.04016344832	0.04012459562	49.826716	49.809147	49.809157	49.805367	0.03921337721	0.03908477462	0.03907734365	0.03903697668
21	44.464104	44.333463	44.32401	44.285825	0.04016649254	0.04014415411	0.04014181918	0.04010549911	49.826716	49.812207	49.810494	49.807645	0.03921337721	0.03909196895	0.03908409649	0.03904775917
22	44.475118	44.351016	44.342691	44.30668	0.04013698127	0.04011330669	0.04011228645	0.04008249204	49.826716	49.814784	49.810915	49.807656	0.03921337721	0.039098004	0.03908942016	0.03905523772
23	44.466244	44.348491	44.339898	44.305064	0.0401531508	0.04013407095	0.04013210331	0.04010191529	49.826716	49.811771	49.811352	49.808752	0.03921337721	0.03910247388	0.0390958736	0.03906205068
24	44.476098	44.361802	44.353489	44.322295	0.04018173762	0.040161141	0.04015751539	0.04013286802	49.826716	49.813786	49.811959	49.808917	0.03921337721	0.03910559938	0.03909965537	0.03906901101
25	44.466734	44.35841	44.350747	44.320092	0.04017226966	0.04015021694	0.04014815082	0.04012611043	49.826716	49.816168	49.812907	49.809846	0.03921337721	0.03911046923	0.03910443078	0.0390750872
26	44.47879	44.372815	44.364367	44.335091	0.04015942343	0.04013841947	0.0401359901	0.04011708752	49.826716	49.813737	49.812671	49.810197	0.03921337721	0.03911558606	0.03910800956	0.03908256137
27	44.474564	44.373249	44.366911	44.338174	0.0401789949	0.04016117051	0.0401593173	0.04014200641	49.826716	49.815707	49.813555	49.81089	0.03921337721	0.03911823012	0.03911328087	0.03908795666
28	44.469084	44.372105	44.365296	44.336899	0.04015337294	0.04014391963	0.04013964907	0.04012077396	49.826716	49.817571	49.813814	49.810721	0.03921337721	0.03912256374	0.0391169218	0.03909344749
29	44.447216	44.353918	44.347402	44.322098	0.04012448116	0.04010370425	0.04010356314	0.04008378989	49.826716	49.81518	49.815108	49.811326	0.03921337721	0.03912583066	0.03912087262	0.03909688402
30	44.474854	44.386072	44.379332	44.35412	0.04018794573	0.04016927041	0.04016877534	0.04015336408	49.826716	49.815876	49.81403	49.811196	0.03921337721	0.03912708196	0.03912083374	0.03910049902
31	44.471486	44.383268	44.37713	44.354973	0.04017826881	0.04016039624	0.0401585235	0.04014780757	49.826716	49.817492	49.814246	49.811375	0.03921337721	0.03912954747	0.03912446781	0.03910535581
32	44.47863	44.394566	44.388312	44.36408	0.04016607103	0.04015576907	0.04015388974	0.04013603146	49.826716	49.815358	49.815024	49.812558	0.03921337721	0.03913434843	0.03912847464	0.03910913589
33	44.472908	44.390069	44.384453	44.362158	0.04016737064	0.04015001184	0.0401482191	0.04013312219	49.826716	49.816951	49.815821	49.81272	0.03921337721	0.03913613983	0.03913136636	0.03911271636
34	44.480668	44.400761	44.394709	44.373635	0.04016774135	0.04015216731	0.04015130556	0.04013760766	49.826716	49.818375	49.815641	49.813517	0.03921337721	0.03913932299	0.03913347973	0.03911682341
35	44.470144	44.393052	44.387378	44.365504	0.04014295891	0.040122584	0.040121839	0.04011050454	49.826716	49.816818	49.816734	49.814012	0.03921337721	0.03914107747	0.03913644655	0.03911943878
36	44.47168	44.394659	44.3893	44.368256	0.04016056835	0.04015116556	0.04015107295	0.04013762229	49.826716	49.817717	49.816612	49.814034	0.03921337721	0.03914248113	0.03913872296	0.03912136742
37	44.467578	44.39337	44.388301	44.366396	0.04016844815	0.04015211672	0.04015083145	0.04013842924	49.826716	49.81917	49.816805	49.814158	0.03921337721	0.03914480406	0.03914017569	0.03912469646
38	44.465156	44.394164	44.389302	44.369454	0.04017135671	0.04015840296	0.04015942964	0.04014923531	49.826716	49.81703	49.81674	49.814542	0.03921337721	0.03914596146	0.03914198746	0.03912590429
39	44.462028	44.391819	44.386554	44.367113	0.04014223416	0.04013212865	0.04013186183	0.04011880762	49.826716	49.818609	49.817416	49.814391	0.03921337721	0.03914744487	0.03914318537	0.03912855988
40	44.477908	44.408784	44.403928	44.385529	0.04015381225	0.04013668948	0.04013569016	0.04013017696	49.826716	49.819984	49.817216	49.814911	0.03921337721	0.03914935642	0.03914546765	0.03913081718
41	44.47422	44.407341	44.4025	44.384593	0.040179906	0.04016512392	0.04016545167	0.04015236152	49.826716	49.817837	49.817438	49.815091	0.03921337721	0.03914952046	0.03914635494	0.03913289558
42	44.46446	44.399003	44.39467	44.378132	0.04018023516	0.04016411663	0.04016349912	0.04015261673	49.826716	49.819607	49.81768	49.815444	0.03921337721	0.03915161931	0.03914779152	0.03913477788
43	44.472118	44.407797	44.403365	44.386364	0.04015012587	0.04013685291	0.04013606878	0.04012559803	49.826716	49.820891	49.817837	49.815938	0.03921337721	0.03915391428	0.0391501781	0.03913708564
44	44.479446	44.418311	44.414139	44.398217	0.04016387244	0.04015368362	0.04015359048	0.04014590188	49.826716	49.819395	49.818365	49.815877	0.03921337721	0.03915477268	0.03915176789	0.03913868168
45	44.481302	44.421068	44.41696	44.401889	0.04019505968	0.04018377679	0.04018247223	0.04017528236	49.826716	49.820964	49.818708	49.816373	0.03921337721	0.03915538379	0.03915337819	0.03913971652
46	44.482716	44.422591	44.418085	44.403231	0.04016649033	0.04015485698	0.04015400762	0.04014579019	49.826716	49.821651	49.818583	49.816581	0.03921337721	0.03915680464	0.03915471548	0.03914272946
47	44.464946	44.407152	44.402764	44.388237	0.04015253756	0.04014256562	0.04014223813	0.04013281681	49.826716	49.820596	49.81948	49.817001	0.03921337721	0.03915834852	0.0391562875	0.03914476902
48	44.471108	44.414169	44.410061	44.394606	0.04015861764	0.04014536806	0.04014434969	0.04013634063	49.826716	49.821335	49.819553	49.816656	0.03921337721	0.03915921034	0.03915797688	0.03914490115
49	44.46956	44.41292	44.409714	44.395285	0.04018319246	0.0401734536	0.0401739273	0.04016356987	49.826716	49.822282	49.820022	49.816781	0.03921337721	0.03916158446	0.03915792204	0.03914691345
50	44.469304	44.416456	44.413211	44.399343	0.04018783867	0.04018116626	0.04017940492	0.04017101838	49.826716	49.821074	49.819295	49.817049	0.03921337721	0.03916165505	0.03915926787	0.03914732051
51	44.474018	44.419739	44.416087	44.401949	0.04015104412	0.04013979528	0.04014050026	0.04013052003	49.826716	49.821751	49.819867	49.817569	0.03921337721	0.03916384188	0.03916142234	0.03915077579
52	44.461606	44.40983	44.405299	44.391834	0.0401515572	0.04014640106	0.04014489422	0.04014009808	49.826716	49.822116	49.819661	49.817322	0.03921337721	0.03916293085	0.03916225565	0.03915127203
53	44.47623	44.425347	44.422388	44.409517	0.04017217009	0.04016006103	0.04016076618	0.0401537659	49.826716	49.820511	49.820232	49.817247	0.03921337721	0.0391633793	0.03916273223	0.03915248478
54	44.481788	44.431167	44.427222	44.413978	0.04014600179	0.04013879236	0.04013632183	0.04013103257	49.826716	49.821799	49.819982	49.817906	0.03921337721	0.03916565588	0.0391635767	0.03915470944
55	44.462806	44.412601	44.409492	44.39598	0.04018108309	0.04017443912	0.04017356153	0.04016616096	49.826716	49.822567	49.820044	49.817806	0.03921337721	0.03916637294	0.0391642146	0.03915430853
56	44.471384	44.422286	44.418429	44.406293	0.04016319628	0.040153436	0.04015471282	0.04014883188	49.826716	49.820878	49.819717	49.817047	0.03921337721	0.0391668173	0.03916411912	0.03915596211
57	44.484916	44.437985	44.433652	44.420353	0.04018065964	0.04017281956	0.04017379933	0.04016571806	49.826716	49.821787	49.819472	49.817405	0.03921337721	0.03916719	0.03916494055	0.03915824138
58	44.464426	44.416603	44.413471	44.401956	0.04016277271	0.04015625484	0.04015560295	0.04014995827	49.826716	49.822157	49.819933	49.817362	0.03921337721	0.0391691354	0.03916731171	0.03915935315
59	44.462164	44.415943	44.413416	44.401661	0.04017095576	0.04016160173	0.04016074116	0.0401550571	49.826716	49.821061	49.820316	49.817499	0.03921337721	0.03916934534	0.03916765405	0.03916003981
60	44.475958	44.429247	44.426572	44.414139	0.04014651372	0.04013910944	0.04013801904	0.0401302495	49.826716	49.821847	49.820142	49.817675	0.03921337721	0.0391691548	0.0391686971	0.03916134629
61	44.46338	44.418268	44.415471	44.403542	0.04018910147	0.04017917355	0.04017853327	0.04017400272	49.826716	49.821998	49.820429	49.817246	0.03921337721	0.03917087155	0.0391689527	0.03916089408
62	44.471804	44.427891	44.425206	44.413665	0.04014704331	0.04013606278	0.04013621944	0.04013012134	49.826716	49.821333	49.82038	49.816785	0.03921337721	0.03917137789	0.03917106433	0.0391628154
63	44.457682	44.413509	44.410405	44.399069	0.04015933825	0.04015021087	0.04014939247	0.04014374786	49.826716	49.821941	49.820121	49.817327	0.03921337721	0.03917216691	0.03917116544	0.039162955
64	44.471916	44.431379	44.428632	44.418416	0.04015179827	0.04014558902	0.04014421972	0.04014047296	49.826716	49.822101	49.820632	49.81777	0.03921337721	0.03917344724	0.03917200652	0.0391640156
65	44.468904	44.427031	44.423897	44.413429	0.04018025754	0.04017108893	0.04017142205	0.0401661927	49.826716	49.821559	49.820397	49.817221	0.03921337721	0.03917348052	0.0391720756	0.03916493609
66	44.475286	44.433832	44.43053	44.419958	0.04014424214	0.04013557873	0.04013579065	0.04013296893	49.826716	49.822034	49.820536	49.817124	0.03921337721	0.03917401451	0.0391726109	0.03916531027
67	44.463988	44.422256	44.419931	44.4102	0.04017561535	0.04016980804	0.04017003264	0.0401661713	49.826716	49.8222	49.820755	49.817066	0.03921337721	0.03917562583	0.03917255577	0.03916594169
68	44.475434	44.434674	44.431976	44.42167	0.04017117638	0.04016484082	0.04016467	0.04015844781	49.826716	49.82139	49.820886	49.816838	0.03921337721	0.03917501311	0.03917350692	0.03916665587
69	44.47082	44.430104	44.427051	44.416661	0.04016451275	0.0401570982	0.04015687291	0.04015259781	49.826716	49.821902	49.820581	49.816649	0.03921337721	0.0391756829	0.0391742169	0.0391675846
70	44.470934	44.43088	44.428044	44.419679	0.04016869041	0.04016427506	0.0401640741	0.04015823152	49.826716	49.822312	49.820654	49.816235	0.03921337721	0.03917745962	0.03917499235	0.03916826704
71	44.47014	44.433108	44.430319	44.421133	0.04014752918	0.0401397138	0.04013987186	0.04013286501	49.826716	49.821492	49.820745	49.816035	0.03921337721	0.03917731694	0.03917464205	0.03916982758
72	44.459116	44.42285	44.419792	44.410061	0.0401585891	0.04015087807	0.04015093035	0.04014425916	49.826716	49.821968	49.821244	49.815561	0.03921337721	0.03917702188	0.03917557558	0.03916992641
73	44.481546	44.444261	44.441539	44.431794	0.04013814122	0.04013061113	0.04013005558	0.04012305162	49.826716	49.822285	49.821119	49.815338	0.03921337721	0.03917835415	0.03917691127	0.03917151945
74	44.471684	44.434146	44.431463	44.422464	0.04016580174	0.04015746119	0.04015844744	0.04015285505	49.826716	49.821614	49.821281	49.815162	0.03921337721	0.03917719259	0.0391767026	0.0391717834
75	44.489806	44.452367	44.449814	44.441131	0.04015510946	0.0401503582	0.04015040223	0.04014441607	49.826716	49.822167	49.821474	49.814839	0.03921337721	0.03917812274	0.03917767728	0.03917198295
76	44.48629	44.449479	44.44705	44.43846	0.04014904836	0.04014219806	0.0401419598	0.0401357525	49.826716	49.822771	49.821564	49.81457	0.03921337721	0.03917989203	0.03917694127	0.03917272903
77	44.464278	44.428328	44.426136	44.417638	0.04016648883	0.04016085853	0.0401613732	0.04015449538	49.826716	49.822488	49.82172	49.814296	0.03921337721	0.03917921913	0.03917789927	0.03917235903
78	44.478658	44.444284	44.44164	44.433297	0.04015092221	0.04014568646	0.04014437759	0.04013778094	49.826716	49.822734	49.82162	49.813485	0.03921337721	0.03917945226	0.03917899013	0.03917276538
79	44.468682	44.435083	44.43259	44.423765	0.04018630629	0.04017749265	0.04017855073	0.04017042795	49.826716	49.823049	49.8221	49.812751	0.03921337721	0.03918011296	0.0391787226	0.03917408073
80	44.470566	44.436833	44.43406	44.425033	0.04014741126	0.04014142108	0.04014177986	0.0401341937	49.826716	49.822455	49.821808	49.812861	0.03921337721	0.03918029354	0.0391792866	0.0391756597
81	44.475712	44.441899	44.439312	44.430685	0.04014065489	0.04013238507	0.04013318266	0.04012621078	49.826716	49.823061	49.821814	49.812025	0.03921337721	0.03918004561	0.03917979784	0.03917576798
82	44.464698	44.429113	44.426936	44.418875	0.0401787365	0.0401684756	0.04016798396	0.04016135639	49.826716	49.822957	49.82183	49.811377	0.03921337721	0.03918135932	0.0391798848	0.03917588546
83	44.467114	44.433506	44.43107	44.423548	0.04016847003	0.04016173928	0.04016174101	0.0401535781	49.826716	49.82244	49.821808	49.810626	0.03921337721	0.0391819065	0.03918010934	0.03917605526
84	44.468268	44.435122	44.432659	44.424228	0.04015100844	0.04014454633	0.04014344441	0.04013553024	49.826716	49.822738	49.821921	49.81017	0.03921337721	0.03918114457	0.03918014676	0.03917670289
85	44.470706	44.439054	44.436756	44.429565	0.04015662453	0.04015010898	0.04014960209	0.04014031288	49.826716	49.822914	49.822154	49.809039	0.03921337721	0.03918187807	0.03918041845	0.03917751963
86	44.458382	44.427129	44.42556	44.417916	0.040160294	0.04015395337	0.04015424147	0.04014613671	49.826716	49.822377	49.82212	49.808434	0.03921337721	0.03918087694	0.03918043855	0.03917733144
87	44.487876	44.454919	44.45228	44.444932	0.04017649705	0.04017190122	0.04017051529	0.04016263875	49.826716	49.822795	49.822276	49.807488	0.03921337721	0.03918191684	0.0391809272	0.03917782342
88	44.465188	44.433689	44.43184	44.425248	0.04015372865	0.04014705507	0.04014746449	0.04013590006	49.826716	49.822419	49.82191	49.80628	0.03921337721	0.03918398371	0.03918143105	0.03917824875
89	44.468574	44.437501	44.436002	44.428494	0.04016097758	0.04015728424	0.04015770958	0.0401475582	49.826716	49.822749	49.822304	49.805064	0.03921337721	0.03918356758	0.03918181442	0.03917826951
90	44.473794	44.443855	44.441118	44.434086	0.0401536513	0.04014596138	0.04014649491	0.04013505313	49.826716	49.823443	49.8225	49.803652	0.03921337721	0.03918336177	0.03918239522	0.03917883339
91	44.474748	44.443465	44.441517	44.433214	0.04016121212	0.04015723344	0.04015735014	0.04014384052	49.826716	49.823503	49.822887	49.802984	0.03921337721	0.0391846738	0.03918280152	0.03917924861
92	44.46645	44.438038	44.435555	44.428058	0.04017844892	0.04017467853	0.04017187086	0.04015893606	49.826716	49.823604	49.822665	49.801458	0.03921337721	0.03918354882	0.03918345298	0.03917964691
93	44.477196	44.446447	44.444744	44.437961	0.0401822832	0.04017528636	0.04017454265	0.04016226961	49.826716	49.823635	49.822434	49.800177	0.03921337721	0.03918375068	0.03918329332	0.03917963126
94	44.48227	44.453436	44.451942	44.444577	0.04015671139	0.04015343635	0.04015328923	0.04013696651	49.826716	49.823844	49.822612	49.798611	0.03921337721	0.0391866386	0.03918424025	0.03918060801
95	44.47779	44.449166	44.446535	44.440008	0.04015080979	0.04014633449	0.04014523765	0.04013102935	49.826716	49.823306	49.822555	49.796872	0.03921337721	0.03918483494	0.03918447284	0.03917979114
96	44.470634	44.443803	44.441614	44.434579	0.04013954	0.04013574059	0.04013497759	0.0401178908	49.826716	49.823747	49.822924	49.795371	0.03921337721	0.03918562898	0.03918438548	0.03918077845
97	44.474096	44.444429	44.44192	44.43485	0.04016082714	0.0401548122	0.04015473753	0.0401376331	49.826716	49.823335	49.822582	49.793338	0.03921337721	0.03918573606	0.03918423846	0.03918072309
98	44.47937	44.450546	44.448754	44.442742	0.04012936594	0.04012330881	0.0401251751	0.04010719817	49.826716	49.823264	49.822756	49.791004	0.03921337721	0.03918530695	0.03918545843	0.03918022009
99	44.463814	44.437702	44.43541	44.42872	0.04016627127	0.0401632506	0.0401640915	0.04014680993	49.826716	49.823732	49.822718	49.789478	0.03921337721	0.03918496074	0.03918436347	0.03918023773
100	44.46995	44.442694	44.440846	44.434464	0.04013335419	0.04012663713	0.04012522014	0.04010818059	49.826716	49.823802	49.82263	49.78739	0.03921337721	0.03918605633	0.03918510125	0.03918066407
