n	avgPP	avgPF	avgPT	avgPE	sdPP	sdPF	sdPT	sdPE	avgIP	avgIF	avgIT	avgIE	sdIP	sdIF	sdIT	sdIE
0	87.525595	83.871732	83.871732	83.871732	0.05531241763	0.05400097861	0.05400097861	0.05400097861	59.091265	71	71	71	0.03025738584	0	0	0
1	87.494231	86.5319316	86.5192286	86.422857	0.0552723395	0.05505074328	0.05499836623	0.05459435364	59.091265	62.335232	62.370327	62.595695	0.03025738584	0.02785367547	0.02796510736	0.02839924186
2	87.513249	86.951935	86.9455978	86.9098008	0.05533146012	0.05522471676	0.05520537527	0.05507138909	59.091265	61.045375	61.062361	61.168656	0.03025738584	0.02890074809	0.02894454606	0.02920923308
3	87.525895	87.128304	87.124324	87.1067012	0.0552732649	0.05518048296	0.055176252	0.05512142505	59.091265	60.43296	60.45592	60.508314	0.03025738584	0.02938880552	0.02944046866	0.02955302235
4	87.499853	87.1892728	87.1861318	87.1748218	0.05530923749	0.05524331266	0.0552368665	0.05520695496	59.091265	60.151896	60.159341	60.197241	0.03025738584	0.02961983711	0.02962709846	0.02969524923
5	87.508049	87.2544746	87.251999	87.2437406	0.05531799839	0.05526325893	0.05525951373	0.05524054937	59.091265	59.951067	59.958545	59.988777	0.03025738584	0.0297415739	0.02975056108	0.02979757749
6	87.497485	87.2837474	87.281245	87.2744656	0.05528457994	0.05523816756	0.05523508447	0.05521961143	59.091265	59.814873	59.823005	59.842742	0.03025738584	0.02983572457	0.02983532663	0.02986830683
7	87.512471	87.3263422	87.3244256	87.3197312	0.05530647441	0.05526333349	0.05526090292	0.05525352298	59.091265	59.718009	59.725362	59.741954	0.03025738584	0.029892948	0.02989335884	0.02990983242
8	87.493949	87.3304724	87.3288064	87.3244128	0.05531279563	0.05528512859	0.0552817319	0.05527656224	59.091265	59.651958	59.654728	59.671366	0.03025738584	0.02992657602	0.02993344306	0.02994873555
9	87.492601	87.347012	87.3455234	87.3417864	0.05530024329	0.05527488577	0.05527133416	0.05526549505	59.091265	59.59185	59.593223	59.607278	0.03025738584	0.02997304002	0.02997291582	0.02998635314
10	87.530287	87.3981976	87.397008	87.3942378	0.05533424455	0.05531108691	0.05530847533	0.05530522006	59.091265	59.540102	59.54254	59.554451	0.03025738584	0.03000279218	0.03000135376	0.03001430214
11	87.510021	87.3891374	87.3881244	87.3849274	0.05537639585	0.05534815619	0.0553465988	0.05534050883	59.091265	59.503493	59.504668	59.513553	0.03025738584	0.03001917472	0.03002409575	0.03003899141
12	87.515207	87.4029902	87.4018116	87.3987166	0.05530587764	0.05528208462	0.05527992805	0.05527424075	59.091265	59.471789	59.471532	59.478757	0.03025738584	0.03004645921	0.03004728537	0.03005772709
13	87.526965	87.424283	87.4231704	87.4205716	0.055322464	0.05529860389	0.05529769319	0.05529352952	59.091265	59.440575	59.443258	59.449502	0.03025738584	0.03006801319	0.03006548704	0.03007106041
14	87.504057	87.4089246	87.4080236	87.4057854	0.05532009507	0.05530186384	0.05530245373	0.05529984936	59.091265	59.412257	59.418312	59.425613	0.03025738584	0.03008091051	0.03007986838	0.03008249006
15	87.506445	87.4144078	87.4141798	87.4120486	0.05534178106	0.05531889964	0.05531899433	0.05531606532	59.091265	59.395061	59.398251	59.404827	0.03025738584	0.03009262174	0.0300911052	0.0300945251
16	87.511047	87.427991	87.4272272	87.425774	0.05534476858	0.05532825143	0.05532722929	0.0553262969	59.091265	59.378195	59.379474	59.38641	0.03025738584	0.03010858538	0.0301045846	0.03010496473
17	87.513531	87.4341104	87.4333238	87.4316876	0.05533128821	0.05531085788	0.0553093218	0.05530857723	59.091265	59.363498	59.362841	59.370482	0.03025738584	0.03011961886	0.03011385954	0.03011609777
18	87.517007	87.4419078	87.4412512	87.439492	0.05530992867	0.05528772428	0.05528757981	0.0552871523	59.091265	59.343671	59.348304	59.35556	0.03025738584	0.03012413451	0.0301231206	0.03012587224
19	87.520983	87.4503212	87.4495378	87.4478678	0.05529726004	0.05528510779	0.05528357402	0.05528223737	59.091265	59.335874	59.335831	59.342521	0.03025738584	0.03013023749	0.03013049414	0.03013175915
20	87.476177	87.4081846	87.4074678	87.4056744	0.05530531748	0.05529181893	0.05529105527	0.05528852808	59.091265	59.321017	59.324511	59.330138	0.03025738584	0.03013595662	0.03013598432	0.03013823987
21	87.504983	87.4397018	87.439237	87.4375516	0.05531078798	0.05529533834	0.05529578067	0.05529384238	59.091265	59.310931	59.312365	59.318282	0.03025738584	0.03014826341	0.03014280142	0.03014401568
22	87.508703	87.445431	87.4451966	87.4438732	0.05533544337	0.0553208883	0.05532239025	0.05532106136	59.091265	59.297675	59.303177	59.308114	0.03025738584	0.03015071544	0.03014802257	0.0301487278
23	87.515457	87.455752	87.4551766	87.4536438	0.05529006752	0.05527700246	0.05527611843	0.0552745001	59.091265	59.29557	59.294357	59.299021	0.03025738584	0.03015106861	0.03015285147	0.03015431776
24	87.511619	87.4553624	87.4544978	87.4536016	0.05535124436	0.05534079923	0.05534061875	0.05533987442	59.091265	59.281648	59.285221	59.289812	0.03025738584	0.03015985404	0.03015690183	0.03015907262
25	87.504313	87.4485818	87.4484652	87.4470426	0.05531824197	0.0553016095	0.05530305054	0.05530142791	59.091265	59.274361	59.278204	59.282567	0.03025738584	0.03016134267	0.03016209219	0.03016313188
26	87.480661	87.4281692	87.4274836	87.4268352	0.05532416235	0.05531235675	0.05531148752	0.05531179891	59.091265	59.271904	59.271512	59.275724	0.03025738584	0.03016484785	0.03016491796	0.03016597873
27	87.513571	87.462385	87.4621264	87.4612518	0.05534045745	0.05532721968	0.05532867056	0.05532791926	59.091265	59.258985	59.263958	59.267591	0.03025738584	0.03017030265	0.03017047826	0.03017104805
28	87.496677	87.4478394	87.4475076	87.4465982	0.05530592112	0.05529244136	0.0552935907	0.05529325419	59.091265	59.253243	59.258052	59.261969	0.03025738584	0.03017188082	0.03017277565	0.03017344828
29	87.486117	87.4384414	87.4381794	87.4373872	0.05530072332	0.05528911848	0.05528929377	0.05528889487	59.091265	59.251043	59.252163	59.255854	0.03025738584	0.03017995242	0.0301768869	0.03017773243
30	87.505611	87.4597966	87.459152	87.4585492	0.05529150639	0.05528180474	0.05528156667	0.05528112054	59.091265	59.245247	59.24609	59.249544	0.03025738584	0.03018246175	0.03017996435	0.03018030345
31	87.524965	87.4823462	87.4817558	87.4808872	0.05530256474	0.05529658534	0.05529650424	0.05529492266	59.091265	59.239529	59.241001	59.244734	0.03025738584	0.03018239912	0.03018063769	0.0301823014
32	87.527263	87.4838888	87.4836246	87.4829422	0.05534838144	0.05533905321	0.05533942625	0.05533963129	59.091265	59.235966	59.237517	59.241209	0.03025738584	0.03018014881	0.03018475993	0.03018623282
33	87.510771	87.4694182	87.4695824	87.4683314	0.05529906334	0.05528997227	0.05529149474	0.05529000282	59.091265	59.229909	59.232998	59.236533	0.03025738584	0.03018638016	0.03018686663	0.03018745197
34	87.517299	87.4766092	87.4763796	87.4756068	0.0552888977	0.0552804001	0.05528085765	0.05528089576	59.091265	59.227094	59.228982	59.231986	0.03025738584	0.03018876736	0.03018900105	0.03019003262
35	87.501651	87.4621936	87.4620172	87.4616058	0.05532850674	0.05531952246	0.0553189809	0.0553192624	59.091265	59.223672	59.225234	59.228221	0.03025738584	0.03019081469	0.03019102011	0.03019160317
36	87.501437	87.4629436	87.4626654	87.462004	0.05531236231	0.055303146	0.0553029367	0.05530249586	59.091265	59.218812	59.221663	59.22471	0.03025738584	0.03019282155	0.03019337764	0.03019420878
37	87.503911	87.4673856	87.4674066	87.4664728	0.05530589198	0.05529950091	0.05530000163	0.05529980413	59.091265	59.214932	59.217527	59.220266	0.03025738584	0.03019630321	0.03019486321	0.03019643658
38	87.540473	87.505477	87.5050546	87.5038948	0.05528710244	0.05528528317	0.05528470189	0.05528470778	59.091265	59.214415	59.214957	59.217896	0.03025738584	0.03019877571	0.03019695103	0.03019789363
39	87.511207	87.4764788	87.4764666	87.4757898	0.05529514076	0.05528801665	0.05528815097	0.05528736477	59.091265	59.211406	59.211997	59.214971	0.03025738584	0.03019955501	0.03019833792	0.03019818184
40	87.519655	87.485606	87.4855442	87.4849074	0.0552889922	0.05528518691	0.05528559731	0.05528508603	59.091265	59.20872	59.209079	59.211923	0.03025738584	0.0302006228	0.03019924154	0.03019948722
41	87.504715	87.4711512	87.4710046	87.4702726	0.0552620242	0.05525506849	0.05525576725	0.05525487496	59.091265	59.206784	59.206607	59.209397	0.03025738584	0.03020046624	0.03020041066	0.0302016067
42	87.518053	87.4860426	87.4859134	87.4853794	0.0553107744	0.05530577887	0.05530646011	0.05530636608	59.091265	59.202747	59.203573	59.206313	0.03025738584	0.03019972656	0.03020037877	0.03020193233
43	87.495561	87.4641464	87.4638862	87.4631958	0.05532046942	0.05531593803	0.05531538436	0.05531447108	59.091265	59.201738	59.200859	59.203471	0.03025738584	0.0302020356	0.03020203629	0.0302037394
44	87.491461	87.461379	87.4610758	87.460426	0.05527978376	0.05527633236	0.05527554295	0.05527538426	59.091265	59.199345	59.198391	59.20072	0.03025738584	0.03020462043	0.03020386439	0.03020432872
45	87.503703	87.4727286	87.472693	87.472379	0.05531984088	0.05531449363	0.05531428753	0.05531416083	59.091265	59.196457	59.196085	59.197755	0.03025738584	0.03020380917	0.03020390469	0.03020479566
46	87.502187	87.4734332	87.4732682	87.4729742	0.05529971719	0.05529377204	0.05529433477	0.05529418433	59.091265	59.191934	59.193619	59.195619	0.03025738584	0.03020800471	0.0302062059	0.03020662518
47	87.506973	87.4769814	87.4768588	87.4762526	0.05533931269	0.05532939031	0.05532917365	0.05532945389	59.091265	59.189753	59.191346	59.193527	0.03025738584	0.03020674552	0.03020715413	0.03020747955
48	87.504263	87.4758774	87.4752706	87.4746126	0.05529889662	0.055292668	0.0552931046	0.05529205572	59.091265	59.187613	59.188867	59.191267	0.03025738584	0.03020837243	0.03020801927	0.03020809618
49	87.518749	87.4912832	87.4908058	87.4904128	0.05530379791	0.05529673557	0.05529589652	0.05529546246	59.091265	59.187514	59.187231	59.189636	0.03025738584	0.03020852288	0.03020938222	0.03020907871
50	87.536095	87.5071102	87.506916	87.5064884	0.05532217867	0.05531433154	0.05531460926	0.0553140281	59.091265	59.183999	59.18551	59.188108	0.03025738584	0.03021043385	0.03021035823	0.03021090574
51	87.528865	87.502217	87.5019226	87.5014328	0.05525796144	0.05525057228	0.05525011505	0.05524969792	59.091265	59.183365	59.183937	59.185606	0.03025738584	0.03021321073	0.03021109539	0.0302111923
52	87.500941	87.4742788	87.4740786	87.4735126	0.05527580752	0.05526820011	0.05526810524	0.05526716719	59.091265	59.182386	59.182417	59.184637	0.03025738584	0.03021379238	0.0302119301	0.03021255641
53	87.500707	87.4741278	87.4739762	87.473407	0.05530681278	0.05529971049	0.05529926574	0.05529962009	59.091265	59.180361	59.180709	59.183045	0.03025738584	0.03021397646	0.03021158654	0.03021246812
54	87.520377	87.4951962	87.4949824	87.4943898	0.05529222407	0.05528802129	0.05528783993	0.05528789981	59.091265	59.178659	59.178768	59.181351	0.03025738584	0.03021128064	0.03021303855	0.03021396259
55	87.513843	87.4887618	87.4884808	87.4879776	0.05532432924	0.05531900063	0.05531859183	0.05531930003	59.091265	59.177211	59.177676	59.179342	0.03025738584	0.0302135513	0.03021453897	0.03021410675
56	87.493941	87.4691692	87.4690494	87.4685144	0.05531671291	0.0553111208	0.05531114029	0.05531055366	59.091265	59.175554	59.176203	59.177668	0.03025738584	0.03021481179	0.03021587245	0.03021525395
57	87.506685	87.4822916	87.48214	87.4817428	0.05530744171	0.0553032691	0.05530370124	0.05530398198	59.091265	59.172892	59.17432	59.176756	0.03025738584	0.03021887613	0.03021623155	0.03021558574
58	87.486529	87.4630424	87.4630748	87.4622814	0.05531318584	0.05530847407	0.05530878522	0.05530769447	59.091265	59.172328	59.172706	59.175083	0.03025738584	0.03021732278	0.03021671531	0.030216205
59	87.498215	87.4748556	87.47473	87.4741082	0.05529555443	0.05528922609	0.05528978478	0.05528908446	59.091265	59.170042	59.17175	59.174149	0.03025738584	0.0302180823	0.03021733936	0.03021815206
60	87.528525	87.5047762	87.5047692	87.5044162	0.05533905469	0.05533460816	0.05533432439	0.05533348619	59.091265	59.169789	59.169984	59.171789	0.03025738584	0.03021994691	0.03021830374	0.03021812501
61	87.498671	87.4753548	87.474987	87.4746352	0.05528294652	0.05527710162	0.05527701154	0.05527617946	59.091265	59.168846	59.168765	59.170564	0.03025738584	0.03021815104	0.03021904171	0.03021963185
62	87.500005	87.4782504	87.4781144	87.4777314	0.05526820953	0.05526273084	0.05526324707	0.05526268615	59.091265	59.164978	59.167108	59.168933	0.03025738584	0.03021904482	0.03022004227	0.03021960876
63	87.525375	87.50341	87.5031872	87.5028944	0.05529370901	0.05528868699	0.05528880985	0.05528929644	59.091265	59.16604	59.165904	59.167708	0.03025738584	0.03021962313	0.03022077085	0.03022066535
64	87.491665	87.4703448	87.4703636	87.469645	0.05527050812	0.05526770877	0.05526791427	0.05526648209	59.091265	59.164666	59.164902	59.166735	0.03025738584	0.03022240944	0.0302213928	0.03022162511
65	87.512975	87.4917984	87.4915778	87.491196	0.05528733126	0.05528425709	0.05528405027	0.05528428109	59.091265	59.163728	59.163471	59.16521	0.03025738584	0.03022309545	0.03022199474	0.03022156417
66	87.489545	87.4688316	87.4685562	87.4683246	0.05530667966	0.0553052002	0.05530493002	0.05530510649	59.091265	59.162782	59.162619	59.164157	0.03025738584	0.03022104467	0.03022129382	0.03022094027
67	87.481051	87.460594	87.4602684	87.459942	0.05531968808	0.05531335666	0.05531296837	0.05531342249	59.091265	59.15996	59.161138	59.16272	0.03025738584	0.03022062066	0.03022165816	0.03022152022
68	87.521907	87.5019266	87.5019602	87.5017906	0.05531048197	0.05530557569	0.05530562517	0.05530639892	59.091265	59.159277	59.160099	59.161677	0.03025738584	0.03022447497	0.03022291916	0.03022297637
69	87.522071	87.501879	87.5016556	87.5011438	0.05528311269	0.05527907391	0.05527912207	0.05527852569	59.091265	59.158225	59.159442	59.160721	0.03025738584	0.03022286263	0.03022292621	0.03022356718
70	87.520647	87.50109	87.5007868	87.5004534	0.05532473696	0.05532208012	0.05532196566	0.05532139147	59.091265	59.15834	59.158956	59.159813	0.03025738584	0.03022355058	0.03022348337	0.03022338256
71	87.505225	87.4865146	87.4863506	87.4861142	0.05531689547	0.05531324171	0.05531284746	0.05531283484	59.091265	59.157157	59.157837	59.159419	0.03025738584	0.03022531986	0.03022396659	0.03022483764
72	87.506527	87.4873708	87.4872794	87.4868602	0.05532671658	0.05532424264	0.05532436692	0.05532325173	59.091265	59.156706	59.157263	59.158309	0.03025738584	0.03022491381	0.03022510409	0.03022534341
73	87.507117	87.488315	87.4881248	87.4879522	0.05527176815	0.05526857746	0.05526874113	0.05526852322	59.091265	59.155435	59.156156	59.157189	0.03025738584	0.03022478809	0.03022564247	0.03022551838
74	87.503537	87.4839394	87.4836128	87.4832502	0.05527881486	0.05527274346	0.05527240149	0.05527145944	59.091265	59.155263	59.155226	59.156099	0.03025738584	0.03022403878	0.03022456985	0.03022461963
75	87.507977	87.4898912	87.4898468	87.4895744	0.05528545146	0.0552807452	0.05528082483	0.05528094387	59.091265	59.153634	59.154896	59.155518	0.03025738584	0.03022455878	0.03022495512	0.03022560669
76	87.489019	87.4715096	87.471334	87.4709486	0.05525245826	0.05524824897	0.05524863184	0.05524860827	59.091265	59.152682	59.15341	59.154477	0.03025738584	0.03022544388	0.03022521822	0.03022561289
77	87.521683	87.504253	87.5041398	87.5035104	0.05531593742	0.05531319456	0.05531351457	0.05531190476	59.091265	59.153315	59.152701	59.153298	0.03025738584	0.03022504982	0.03022561223	0.03022573388
78	87.516373	87.499515	87.4992164	87.499104	0.05532527908	0.05532153214	0.05532140047	0.05532220026	59.091265	59.152105	59.151668	59.15296	0.03025738584	0.03022426927	0.0302259973	0.03022665415
79	87.517417	87.5003236	87.5002714	87.4998864	0.0553112729	0.05530715095	0.0553067874	0.0553069126	59.091265	59.149932	59.151533	59.152128	0.03025738584	0.03022685477	0.03022578377	0.03022713353
80	87.496147	87.4789066	87.4788708	87.478448	0.05527254562	0.05526646425	0.05526696697	0.05526662664	59.091265	59.150907	59.150896	59.15197	0.03025738584	0.03022861239	0.03022654518	0.03022768892
81	87.490849	87.472824	87.472611	87.472537	0.05528377099	0.05527860375	0.05527849348	0.05527936105	59.091265	59.14892	59.149975	59.150865	0.03025738584	0.03022657062	0.03022720174	0.03022748682
82	87.512681	87.497133	87.4969508	87.4965242	0.05530694023	0.05530601684	0.05530589851	0.05530595682	59.091265	59.148625	59.149176	59.150299	0.03025738584	0.03022856369	0.03022719246	0.03022849389
83	87.514697	87.4970716	87.4968274	87.4967218	0.05533910975	0.05533399393	0.0553337233	0.05533381371	59.091265	59.147822	59.148433	59.149511	0.03025738584	0.03022739137	0.0302279315	0.03022845273
84	87.489249	87.4730794	87.4728936	87.4728516	0.05527563179	0.05527189693	0.05527199302	0.05527160718	59.091265	59.147503	59.147822	59.149012	0.03025738584	0.03022911194	0.03022943885	0.03022906693
85	87.499839	87.4847572	87.4845208	87.484119	0.05529255257	0.05529138405	0.05529184659	0.05529119871	59.091265	59.146104	59.147616	59.148145	0.03025738584	0.03022734441	0.03022870792	0.0302288414
86	87.496769	87.4806834	87.480651	87.48032	0.05530484884	0.05530108702	0.05530101504	0.05530132714	59.091265	59.146443	59.146285	59.14721	0.03025738584	0.03022839783	0.03022858365	0.03022895813
87	87.540139	87.5244744	87.524372	87.5241146	0.0553324405	0.0553289827	0.05532873354	0.05532924919	59.091265	59.145088	59.14558	59.146437	0.03025738584	0.03023048756	0.0302290065	0.03022954563
88	87.508709	87.4933554	87.4931254	87.492856	0.0553161573	0.05531289945	0.05531305823	0.05531328092	59.091265	59.143873	59.145133	59.14613	0.03025738584	0.03023070728	0.03022972991	0.03022964405
89	87.513189	87.4983848	87.498175	87.4977272	0.05530028416	0.05529801301	0.05529780223	0.05529781527	59.091265	59.144346	59.144805	59.145454	0.03025738584	0.03022901361	0.03023055015	0.03022964907
90	87.522895	87.5077398	87.5078552	87.507391	0.05532557942	0.0553233732	0.05532389549	0.05532312473	59.091265	59.142621	59.143994	59.145015	0.03025738584	0.0302311526	0.03023013328	0.03023070144
91	87.492033	87.4757738	87.4758162	87.4756724	0.05535029679	0.05534561092	0.05534637863	0.05534654166	59.091265	59.142581	59.143439	59.144348	0.03025738584	0.03023106844	0.03023079259	0.03023105827
92	87.508269	87.4929128	87.492857	87.4927542	0.05527450948	0.05527107499	0.0552714506	0.05527127999	59.091265	59.142916	59.143025	59.144029	0.03025738584	0.03023115493	0.03023093546	0.03023151097
93	87.510321	87.495639	87.4957164	87.4952938	0.05535604417	0.05535213262	0.05535245603	0.05535196249	59.091265	59.141985	59.142198	59.143311	0.03025738584	0.03023184724	0.03023060373	0.03023167657
94	87.526933	87.511981	87.5117852	87.5114304	0.05531101587	0.05530744154	0.05530755515	0.05530702404	59.091265	59.141195	59.142104	59.143038	0.03025738584	0.03023086584	0.03023176282	0.03023236714
95	87.488343	87.4742832	87.4738848	87.473674	0.05528365384	0.0552793822	0.05527934618	0.05527924933	59.091265	59.141274	59.141616	59.14259	0.03025738584	0.03023178449	0.03023268728	0.03023258671
96	87.491425	87.4774704	87.4775932	87.476851	0.05530070023	0.05529948316	0.05530018892	0.05529928267	59.091265	59.140228	59.140674	59.141535	0.03025738584	0.0302326885	0.03023263949	0.03023261459
97	87.522657	87.5089246	87.5087214	87.508433	0.05532686056	0.05532548615	0.05532532014	0.05532524212	59.091265	59.139887	59.139783	59.140835	0.03025738584	0.03023221558	0.03023206634	0.03023313453
98	87.507817	87.4936996	87.4937184	87.4933948	0.05531684259	0.05531300165	0.0553130088	0.05531309093	59.091265	59.138752	59.139468	59.140746	0.03025738584	0.03023227589	0.03023317965	0.03023362157
99	87.518543	87.5051088	87.50493	87.5046346	0.05528870805	0.05528867285	0.05528818404	0.05528824991	59.091265	59.138446	59.13898	59.139887	0.03025738584	0.03023219627	0.03023369667	0.0302341438
100	87.508873	87.4953702	87.495442	87.4950942	0.05530958485	0.05530844616	0.05530836502	0.05530838333	59.091265	59.138739	59.13845	59.139439	0.03025738584	0.03023422359	0.03023342824	0.03023440156
