n	avgPP	avgPF	avgPT	avgPE	sdPP	sdPF	sdPT	sdPE	avgIP	avgIF	avgIT	avgIE	sdIP	sdIF	sdIT	sdIE
0	4.1074638	1.331878	1.331878	1.331878	0.007324060609	0.004623615555	0.004623615555	0.004623615555	15.611186	7	7	7	0.02204013508	0	0	0
1	4.1069558	3.5040683	2.7994387	1.9159816	0.007331269011	0.007119261185	0.006410210421	0.00497603414	15.611186	13.937061	12.050429	9.044512	0.02204013508	0.01988019223	0.01352656019	0.004989580728
2	4.1056798	3.7585785	3.4522468	2.3018785	0.007325613189	0.007232404463	0.006962205361	0.004830220657	15.611186	14.684835	13.874896	9.979535	0.02204013508	0.02082994746	0.01872138467	0.007131904716
3	4.1069678	3.8610628	3.6837668	2.5703903	0.007323218488	0.007267162675	0.007147404831	0.005089526576	15.611186	14.975956	14.497216	10.936521	0.02204013508	0.02118409226	0.02024347673	0.008781261876
4	4.1040738	3.9157439	3.7953454	2.7849539	0.007326290394	0.007275024142	0.007219700981	0.005366304349	15.611186	15.099893	14.791538	11.696173	0.02204013508	0.02141344104	0.02084669072	0.01039224388
5	4.1049858	3.9483964	3.8565449	2.964663	0.007333614052	0.007292385322	0.007260808994	0.005637592538	15.611186	15.200868	14.962463	12.34787	0.02204013508	0.02153657853	0.02116439897	0.0118716634
6	4.1076338	3.9766964	3.9045068	3.1191341	0.007322135225	0.007287769527	0.007270747236	0.005870927716	15.611186	15.263588	15.074156	12.895907	0.02204013508	0.02160941137	0.02135145713	0.01320046671
7	4.1080558	3.9962785	3.9370506	3.2560675	0.007316080334	0.007293047852	0.007273124325	0.005651856768	15.611186	15.323675	15.152762	12.988725	0.02204013508	0.02165886891	0.02147962488	0.01357367768
8	4.1057318	4.0068308	3.9565082	3.3475421	0.007325619536	0.007300272247	0.007288870003	0.005989736917	15.611186	15.354036	15.211154	13.447887	0.02204013508	0.02171610738	0.02156677439	0.01478530559
9	4.1087958	4.0198529	3.9746569	3.4376746	0.007324318338	0.00730432323	0.007297159036	0.005904145689	15.611186	15.386003	15.255983	13.539302	0.02204013508	0.02173150967	0.02163147565	0.01509312615
10	4.1034318	4.0220224	3.9818521	3.5025894	0.007327740945	0.007309778932	0.007305203528	0.006199129073	15.611186	15.406428	15.291787	13.900378	0.02204013508	0.02176779173	0.02168689186	0.01617195151
11	4.1045658	4.0309721	3.9966695	3.5693376	0.007328607207	0.007314607894	0.007306108738	0.006170199363	15.611186	15.429387	15.319425	13.981712	0.02204013508	0.02178738392	0.02172876629	0.01640567742
12	4.1040238	4.0361812	4.0044346	3.6231353	0.007332073152	0.007319528341	0.00731379892	0.006402278433	15.611186	15.437444	15.343062	14.270551	0.02204013508	0.02182598628	0.02176221441	0.01728852939
13	4.1025658	4.0392662	4.0101286	3.6709979	0.007332045909	0.007315761524	0.007315131405	0.00639549555	15.611186	15.449134	15.363162	14.333533	0.02204013508	0.02183799727	0.02179162138	0.01746703903
14	4.1083358	4.0492851	4.0221041	3.7127647	0.007325026662	0.007308980577	0.007311332605	0.00657568052	15.611186	15.457817	15.379967	14.533989	0.02204013508	0.02185404614	0.02181327826	0.01822713982
15	4.1069558	4.0525281	4.0268304	3.7529319	0.0073249465	0.007313836023	0.007313786912	0.006558808836	15.611186	15.470827	15.395368	14.564973	0.02204013508	0.02186790467	0.02183151314	0.01838223724
16	4.1060358	4.0558368	4.0321826	3.7831683	0.007323209706	0.007307824433	0.007308524639	0.00670101736	15.611186	15.475796	15.408442	14.715001	0.02204013508	0.02188273464	0.0218498716	0.01898569683
17	4.1090038	4.0612291	4.0390734	3.813458	0.007325990855	0.007313691503	0.007316274128	0.006710262562	15.611186	15.486017	15.419298	14.7575	0.02204013508	0.02188342985	0.02186295032	0.01911753505
18	4.1084638	4.0631607	4.0425203	3.8378741	0.007327621766	0.007317858408	0.007317955856	0.006739278737	15.611186	15.497529	15.430201	14.807607	0.02204013508	0.02188715796	0.02187660203	0.01923247603
19	4.1042478	4.0604201	4.0409712	3.85492	0.007327624176	0.007320270547	0.00731890699	0.006843944201	15.611186	15.503227	15.439404	14.91408	0.02204013508	0.02190634775	0.0218865828	0.01969818925
20	4.1028858	4.0619706	4.0439638	3.8738559	0.00733349748	0.007324247181	0.007324971277	0.00686959604	15.611186	15.504402	15.447406	14.944753	0.02204013508	0.02191141284	0.02189707567	0.01980304804
21	4.1054778	4.0657792	4.0484492	3.8922656	0.007329291153	0.007322866384	0.00732200262	0.006940393011	15.611186	15.511464	15.454424	15.025992	0.02204013508	0.02191702566	0.02190598503	0.02018077777
22	4.1047398	4.0680655	4.0518216	3.9100787	0.007328708056	0.00731728403	0.00731975306	0.006950721973	15.611186	15.511345	15.461692	15.048349	0.02204013508	0.02192111338	0.02191462682	0.02025126711
23	4.1038118	4.0685983	4.0532004	3.9221861	0.007323048108	0.007318375244	0.00731607746	0.006964972995	15.611186	15.521921	15.467148	15.070627	0.02204013508	0.02192757572	0.02192253576	0.02034043622
24	4.1042878	4.0701301	4.0546037	3.9328918	0.007332084837	0.007325420865	0.007327054198	0.007028856664	15.611186	15.520807	15.472839	15.128826	0.02204013508	0.02193479726	0.0219265705	0.02060498439
25	4.1092358	4.0756407	4.0617909	3.9495228	0.007323773484	0.007316118957	0.007313190204	0.007027174988	15.611186	15.528429	15.477383	15.145016	0.02204013508	0.02193534883	0.02193403079	0.0206672928
26	4.1070178	4.0748794	4.0607721	3.9558875	0.00732291698	0.007317219532	0.007317376793	0.007052696356	15.611186	15.529098	15.481967	15.168885	0.02204013508	0.02194277527	0.02193932705	0.02074192101
27	4.1091538	4.0789845	4.0663093	3.9661509	0.007318534905	0.007311929886	0.007312365375	0.007089519317	15.611186	15.530895	15.486271	15.205203	0.02204013508	0.02194647726	0.02194481515	0.02093395182
28	4.1027138	4.0723389	4.0591449	3.96984	0.007329197079	0.007320671358	0.00732399432	0.007110893824	15.611186	15.533143	15.490843	15.22434	0.02204013508	0.02194650527	0.02194988866	0.02098941133
29	4.1063478	4.0783167	4.065933	3.9787648	0.00732956174	0.00732147267	0.00732273027	0.00711808052	15.611186	15.537649	15.49461	15.237096	0.02204013508	0.02194804551	0.02195366545	0.02104151925
30	4.1081518	4.080597	4.0682703	3.9873368	0.007320496074	0.007315632261	0.007316165491	0.007143414889	15.611186	15.53953	15.498121	15.264216	0.02204013508	0.02195315434	0.02195789933	0.02117716253
31	4.1066198	4.079749	4.0690436	3.9921121	0.007326347856	0.007323974342	0.007323344216	0.007161331369	15.611186	15.54229	15.501612	15.279347	0.02204013508	0.02195443928	0.02196137686	0.02122982535
32	4.1059678	4.0797488	4.0687108	3.9981187	0.007323425414	0.007317669024	0.007317870968	0.007160732771	15.611186	15.544436	15.505016	15.290369	0.02204013508	0.02195939941	0.02196515102	0.02126008761
33	4.1062338	4.0811815	4.070009	4.0019502	0.00732824676	0.007323923782	0.007324372095	0.007189882502	15.611186	15.547605	15.50743	15.310894	0.02204013508	0.02196080172	0.02196826988	0.02136986947
34	4.1069298	4.0826672	4.0712932	4.0063982	0.007329458558	0.00732505784	0.007327020169	0.007200122043	15.611186	15.549004	15.510264	15.320794	0.02204013508	0.02196707897	0.02197318388	0.02139924593
35	4.1052718	4.0802056	4.070199	4.009385	0.007327297723	0.00732394828	0.007323172763	0.007202667626	15.611186	15.550512	15.51279	15.32833	0.02204013508	0.02196605221	0.02197540498	0.02142903585
36	4.1054418	4.0829116	4.0730407	4.0152008	0.007324686148	0.007319933285	0.007320809498	0.007217778114	15.611186	15.550672	15.514709	15.344716	0.02204013508	0.02196991059	0.02197759942	0.02150895135
37	4.1074858	4.0848444	4.0755815	4.0193623	0.007319705831	0.007317807054	0.007316010907	0.007217737402	15.611186	15.555988	15.517145	15.351241	0.02204013508	0.02196838185	0.02198096455	0.02152821722
38	4.1076378	4.0846295	4.0750207	4.0205338	0.007328642252	0.0073247156	0.007325558206	0.007226925714	15.611186	15.554465	15.519269	15.358786	0.02204013508	0.02197195032	0.02198327022	0.0215517081
39	4.1091458	4.0873006	4.0780923	4.0270896	0.007325198427	0.007322833892	0.007322036436	0.007236249681	15.611186	15.558722	15.521041	15.370332	0.02204013508	0.02197186186	0.02198463469	0.02160631545
40	4.1078958	4.087477	4.0782295	4.0302217	0.007321831845	0.007319782344	0.007320047669	0.007239894945	15.611186	15.55715	15.523165	15.376899	0.02204013508	0.02197718132	0.02198800046	0.02162342495
41	4.1042298	4.0834318	4.0746864	4.0283963	0.007332319271	0.007329939496	0.007329474933	0.007256464016	15.611186	15.560446	15.524688	15.383501	0.02204013508	0.02197994686	0.02198907695	0.02164557589
42	4.1020478	4.0834538	4.0743687	4.0297722	0.00733344974	0.007329310129	0.007330261361	0.00725897408	15.611186	15.560486	15.526489	15.388634	0.02204013508	0.02198049646	0.02199158188	0.02166077058
43	4.1046938	4.0850687	4.0767461	4.0326389	0.00733250554	0.007328832684	0.007329264514	0.007264788613	15.611186	15.560909	15.527847	15.396063	0.02204013508	0.02198214509	0.02199348921	0.02169826316
44	4.1067878	4.087697	4.0797994	4.0383717	0.007325956926	0.007322917134	0.007321435948	0.007259134344	15.611186	15.56191	15.529858	15.401379	0.02204013508	0.02198307297	0.02199505332	0.02171479981
45	4.1048258	4.0866166	4.0781633	4.0383187	0.007328716123	0.00732340664	0.007326183556	0.007266369772	15.611186	15.562082	15.531471	15.406349	0.02204013508	0.02198411033	0.02199692217	0.02172814031
46	4.1054858	4.0876782	4.0793018	4.0403095	0.007336515096	0.007330009315	0.007330260978	0.007273088741	15.611186	15.564874	15.533066	15.412985	0.02204013508	0.02198277049	0.02199803995	0.02175589278
47	4.1049118	4.0884438	4.080464	4.0430281	0.007329728245	0.007325090938	0.007324886273	0.007273890389	15.611186	15.567626	15.53426	15.416827	0.02204013508	0.02198335952	0.02199979736	0.02176635213
48	4.1037978	4.0865469	4.078391	4.0420076	0.007334279302	0.00733002306	0.007332005249	0.007282934423	15.611186	15.566243	15.53569	15.421592	0.02204013508	0.02198686257	0.0220021436	0.02177754118
49	4.1046778	4.0881471	4.0804276	4.0455485	0.007323540223	0.007320882904	0.007321029711	0.007272062522	15.611186	15.568057	15.536752	15.424915	0.02204013508	0.02198693703	0.02200368502	0.0217888659
50	4.1058198	4.0894705	4.0820926	4.047493	0.007330062583	0.007325677502	0.007326687983	0.007279515156	15.611186	15.568195	15.538262	15.42917	0.02204013508	0.02198817588	0.022004918	0.02180554702
51	4.1013778	4.0850401	4.0773778	4.0433989	0.007330721116	0.007326643716	0.007327476971	0.00728870359	15.611186	15.569167	15.538966	15.432803	0.02204013508	0.02198996351	0.02200575087	0.02181623662
52	4.1064038	4.0912131	4.0837518	4.0517772	0.007332997328	0.007328832876	0.007329573897	0.007286081719	15.611186	15.569237	15.540246	15.435964	0.02204013508	0.02199307888	0.02200669743	0.02182519533
53	4.1070118	4.0912875	4.0838223	4.0517991	0.007327714159	0.007324576258	0.007326287512	0.007285254861	15.611186	15.570785	15.541201	15.439397	0.02204013508	0.02199083083	0.02200791187	0.02183415785
54	4.1099978	4.0947306	4.087595	4.0563272	0.007321674751	0.007318953908	0.007319494236	0.007280477482	15.611186	15.571502	15.54249	15.441964	0.02204013508	0.02199494407	0.02200933883	0.02184207714
55	4.1040498	4.0885838	4.0820622	4.0513053	0.007323991925	0.007321665445	0.007321826209	0.007286171882	15.611186	15.572726	15.543514	15.445411	0.02204013508	0.02199417848	0.0220096811	0.02185433982
56	4.1036018	4.0883765	4.0812585	4.0522732	0.007332147661	0.007328335689	0.007328561234	0.007291940488	15.611186	15.572775	15.544175	15.448064	0.02204013508	0.0219933791	0.02201111666	0.02185944171
57	4.1034278	4.0883428	4.082483	4.0523982	0.007332679237	0.007333082824	0.007329448599	0.007297064735	15.611186	15.574536	15.54493	15.450554	0.02204013508	0.02199359731	0.02201274887	0.0218650166
58	4.1057938	4.0917942	4.0845068	4.0564841	0.007325278476	0.007321850242	0.00732454739	0.007291455179	15.611186	15.573814	15.545896	15.452707	0.02204013508	0.02199302763	0.0220124454	0.02187251055
59	4.1035798	4.0897479	4.0830343	4.0554181	0.00732598337	0.007320886741	0.007321864936	0.007291405129	15.611186	15.574433	15.546441	15.455067	0.02204013508	0.02199515927	0.02201353627	0.02187882425
60	4.1076758	4.0933981	4.0868032	4.0593974	0.007319523167	0.007318653907	0.007318376331	0.00728678338	15.611186	15.575347	15.547544	15.457518	0.02204013508	0.02199470368	0.02201455891	0.02188396517
61	4.1044898	4.0907009	4.0849464	4.0590123	0.007330817995	0.007328337873	0.007328729966	0.007297825047	15.611186	15.575583	15.548328	15.459361	0.02204013508	0.0219960145	0.02201553269	0.02188803682
62	4.1038098	4.0909284	4.0846084	4.0594774	0.007327455971	0.007323797006	0.007324469771	0.007296223508	15.611186	15.576848	15.549168	15.461238	0.02204013508	0.02199727606	0.02201710955	0.02189444355
63	4.1033838	4.090429	4.0843461	4.0594767	0.0073338294	0.007331048214	0.007331174273	0.00729968913	15.611186	15.57741	15.549687	15.463249	0.02204013508	0.02199711516	0.02201800347	0.02190018998
64	4.1079418	4.0951921	4.0893039	4.0646039	0.00732577166	0.007323508103	0.007324184476	0.007294377715	15.611186	15.577027	15.550633	15.465013	0.02204013508	0.02199849244	0.02201906854	0.02190522243
65	4.1048018	4.0919131	4.0863857	4.0627233	0.007322496394	0.007319491395	0.007319187317	0.007288469563	15.611186	15.577657	15.551459	15.467231	0.02204013508	0.02199984827	0.02201959103	0.02191153413
66	4.1057998	4.0927862	4.086612	4.0618467	0.007327120762	0.007323012995	0.007324429249	0.007297863268	15.611186	15.578414	15.55228	15.468969	0.02204013508	0.02199936107	0.02201928859	0.02191629372
67	4.1067738	4.0943776	4.0889581	4.0644872	0.007333114447	0.007330683717	0.007330948742	0.007305645657	15.611186	15.580032	15.553227	15.470564	0.02204013508	0.0220007723	0.02202043079	0.02191918911
68	4.1026358	4.0900427	4.0844836	4.0614412	0.007336735526	0.007334070749	0.007333539997	0.007308475697	15.611186	15.579409	15.553372	15.472504	0.02204013508	0.02200157352	0.02202071956	0.02192365016
69	4.1046758	4.0934662	4.0876669	4.0645865	0.007332949641	0.007327162881	0.007327831175	0.007304116866	15.611186	15.579654	15.554183	15.473395	0.02204013508	0.022001278	0.02202169096	0.0219284209
70	4.1053958	4.0944155	4.0887111	4.0673714	0.007323964358	0.007320642515	0.007320561907	0.007294678256	15.611186	15.580305	15.554497	15.474578	0.02204013508	0.02200217598	0.02202232541	0.0219321743
71	4.1042778	4.0932489	4.0881813	4.0655932	0.007331921492	0.007330337248	0.007330022935	0.007307631983	15.611186	15.581303	15.555051	15.475604	0.02204013508	0.02200291354	0.02202256607	0.02193557834
72	4.1078498	4.0960813	4.0913355	4.0700473	0.007328329072	0.007326627016	0.007325768468	0.007300525717	15.611186	15.581091	15.556005	15.476731	0.02204013508	0.02200519315	0.02202297984	0.02193961244
73	4.1059218	4.0952645	4.0898591	4.0688433	0.007327368377	0.007322678271	0.007323495744	0.007299243234	15.611186	15.581455	15.556397	15.477811	0.02204013508	0.02200437549	0.02202344715	0.02194431432
74	4.1065278	4.095095	4.0897604	4.0694116	0.007330282817	0.007329724803	0.007330188248	0.007304542526	15.611186	15.58265	15.556868	15.478352	0.02204013508	0.02200325393	0.02202391747	0.02194741704
75	4.1073598	4.0963471	4.0911946	4.0704745	0.007322855571	0.007320990278	0.007320692761	0.007295339122	15.611186	15.582477	15.557922	15.479715	0.02204013508	0.02200570285	0.02202551038	0.02195164614
76	4.1031898	4.0924007	4.0866604	4.0660803	0.007327219609	0.007326380299	0.007326607218	0.007304095789	15.611186	15.583849	15.558428	15.480421	0.02204013508	0.02200427705	0.02202591931	0.02195446422
77	4.1067458	4.0958868	4.0906419	4.0715629	0.007329842872	0.007327414825	0.007327327395	0.00730231192	15.611186	15.583736	15.559113	15.480703	0.02204013508	0.0220062474	0.02202656528	0.02195695064
78	4.1042918	4.0932863	4.0875827	4.0684084	0.007326366996	0.007325185442	0.00732628678	0.007299586122	15.611186	15.584501	15.559289	15.481268	0.02204013508	0.0220047748	0.02202733119	0.02196130529
79	4.1043578	4.0940342	4.0886314	4.0692465	0.007331365373	0.007329529177	0.007329853549	0.007307652959	15.611186	15.584594	15.560098	15.481675	0.02204013508	0.02200762554	0.02202775267	0.02196395815
80	4.1052878	4.094469	4.089955	4.0714468	0.007331411335	0.007328508704	0.007328184377	0.007305170617	15.611186	15.58465	15.56037	15.481996	0.02204013508	0.02200716737	0.02202808988	0.02196738389
81	4.1076118	4.0972799	4.0923855	4.0739783	0.007321749261	0.00732189631	0.007321713028	0.007297044138	15.611186	15.585813	15.561145	15.482281	0.02204013508	0.02200858945	0.02202894021	0.02197110009
82	4.1025718	4.0920266	4.0872089	4.0695416	0.007333481899	0.007330043452	0.007331013734	0.007306997637	15.611186	15.585002	15.561743	15.482812	0.02204013508	0.02200793353	0.02202933803	0.02197424648
83	4.1012518	4.0917047	4.0869624	4.0692279	0.007337921354	0.007336090456	0.007335079565	0.007308601966	15.611186	15.585929	15.562188	15.482733	0.02204013508	0.02201051135	0.02203024315	0.02197734528
84	4.1036258	4.0942355	4.0899964	4.0712495	0.00732468648	0.007323411271	0.007323669632	0.007299504082	15.611186	15.585645	15.562788	15.482445	0.02204013508	0.02201007437	0.02203068127	0.02198113511
85	4.1059258	4.095908	4.0912911	4.0734631	0.007326287321	0.007324065619	0.007323718204	0.007302538457	15.611186	15.58604	15.563157	15.481877	0.02204013508	0.02200821914	0.02203050284	0.02198366034
86	4.1052218	4.0958385	4.0911952	4.0737176	0.007327967973	0.007326013587	0.007324804738	0.007300049211	15.611186	15.587815	15.563404	15.481612	0.02204013508	0.02200917963	0.0220307908	0.02198743408
87	4.1047098	4.0948801	4.0904352	4.0727005	0.007334348819	0.007333805379	0.007334122797	0.007309192732	15.611186	15.587207	15.563744	15.480935	0.02204013508	0.02200916675	0.02203060097	0.0219894758
88	4.1069338	4.097285	4.0927576	4.0759594	0.0073249899	0.00732421653	0.007323484507	0.007297828119	15.611186	15.58771	15.564092	15.480318	0.02204013508	0.02200946662	0.0220313537	0.02199223767
89	4.1033818	4.0936267	4.0894002	4.0724608	0.007326642429	0.007324338803	0.007324732689	0.00729942468	15.611186	15.587189	15.564414	15.479596	0.02204013508	0.02200991774	0.02203191835	0.02199519489
90	4.1079178	4.0982855	4.0940335	4.0765846	0.007325682926	0.007323892635	0.007322556907	0.00729754012	15.611186	15.587905	15.564745	15.478582	0.02204013508	0.02201064177	0.02203231235	0.02199930467
91	4.1077358	4.0983434	4.093691	4.0768205	0.007328780767	0.007327147395	0.007327910292	0.007301057399	15.611186	15.587898	15.56523	15.477675	0.02204013508	0.02201069022	0.02203252306	0.02200341112
92	4.1070678	4.0979602	4.0929968	4.0760967	0.007320436905	0.007317469465	0.007318237521	0.007291880969	15.611186	15.587934	15.565776	15.476789	0.02204013508	0.02201181189	0.02203334555	0.02200661163
93	4.1058518	4.0966755	4.0922451	4.0770598	0.007326244028	0.007323166132	0.007323174953	0.007294443384	15.611186	15.588305	15.566117	15.475926	0.02204013508	0.02201113181	0.02203297827	0.02200991585
94	4.1023258	4.0933889	4.0889212	4.0731995	0.007327339871	0.007325947234	0.00732595521	0.007296876807	15.611186	15.588603	15.566224	15.474485	0.02204013508	0.02201196983	0.02203305724	0.02201267362
95	4.1069578	4.098212	4.0939304	4.0784506	0.00731827795	0.007316103176	0.007315076444	0.007287365987	15.611186	15.5887	15.566608	15.472902	0.02204013508	0.02201127703	0.02203392037	0.02201504595
96	4.1032898	4.0949828	4.0903214	4.0740068	0.007333606099	0.007333534582	0.007334342404	0.007303581592	15.611186	15.589096	15.567198	15.471436	0.02204013508	0.02201162937	0.02203414381	0.02201817628
97	4.1074078	4.0990607	4.0946197	4.0790103	0.007324224056	0.00732098903	0.007321738343	0.007290266247	15.611186	15.588389	15.567139	15.469621	0.02204013508	0.02201130138	0.02203469142	0.02202164673
98	4.1089698	4.1005239	4.096612	4.0804811	0.007319124291	0.00731839215	0.007316791791	0.007283979856	15.611186	15.589553	15.5676	15.467577	0.02204013508	0.02201263569	0.02203539871	0.02202453396
99	4.1040238	4.0955635	4.0912768	4.0762605	0.00732482068	0.00732293864	0.007323461316	0.007290392251	15.611186	15.589645	15.568196	15.466115	0.02204013508	0.02201413436	0.02203554054	0.02202717362
100	4.1069078	4.0984671	4.0940614	4.078585	0.007326807938	0.007324056583	0.00732404073	0.007288027272	15.611186	15.590337	15.568338	15.46399	0.02204013508	0.02201359717	0.02203535283	0.02202971831
