n	avgPP	avgPF	avgPT	avgPE	sdPP	sdPF	sdPT	sdPE	avgIP	avgIF	avgIT	avgIE	sdIP	sdIF	sdIT	sdIE
0	64.9936536	64.248396	64.248396	64.248396	0.02582137915	0.02575907756	0.02575907756	0.02575907756	46.552108	48	48	48	0.009497832028	0	0	0
1	64.9917976	64.483537	64.4806662	64.4729302	0.02580961502	0.02577786788	0.02578606534	0.02575706923	46.552108	47.54895	47.570426	47.560466	0.009497832028	0.005553473811	0.005573871373	0.005451252127
2	64.9818136	64.5961785	64.593121	64.5846723	0.02581639925	0.02583068952	0.02581997368	0.02580514867	46.552108	47.360825	47.35719	47.367659	0.009497832028	0.006793605514	0.006765962363	0.006668673951
3	64.9721976	64.658983	64.6560429	64.6482337	0.02582211047	0.02581099307	0.02581194244	0.02579250808	46.552108	47.17755	47.188337	47.188761	0.009497832028	0.007407341855	0.007400938311	0.007353778004
4	64.9813516	64.7169185	64.7144181	64.7075598	0.02580603587	0.02580711244	0.02580018099	0.02579769901	46.552108	47.091425	47.090073	47.109054	0.009497832028	0.007821346636	0.007795735271	0.00776381283
5	64.9981796	64.7667587	64.7648114	64.7579966	0.02580361023	0.02578380944	0.02578528434	0.02578180704	46.552108	47.000231	47.007562	47.024078	0.009497832028	0.008086579955	0.008072425024	0.008049599287
6	64.9863136	64.7840992	64.7820555	64.7760364	0.0258144825	0.02580906154	0.02580340404	0.02579782404	46.552108	46.961756	46.959535	46.971252	0.009497832028	0.008264808297	0.00825758987	0.008237003296
7	64.9724856	64.793369	64.7919947	64.7872207	0.02579953348	0.02578750181	0.02579070657	0.02578550161	46.552108	46.90071	46.909851	46.916691	0.009497832028	0.008417874835	0.008413132498	0.008394791191
8	64.9881416	64.8281341	64.8261003	64.8209321	0.02581036166	0.02580792929	0.02580481836	0.02579563804	46.552108	46.875733	46.877139	46.879293	0.009497832028	0.008532480331	0.008523251746	0.008503325686
9	64.9743516	64.8288626	64.8275598	64.8232692	0.02582702673	0.02582431528	0.02582679693	0.02581934815	46.552108	46.840018	46.847894	46.849356	0.009497832028	0.008622970296	0.008615255991	0.008581983393
10	64.9673676	64.8343292	64.8329131	64.8292165	0.0258011931	0.02579686428	0.02579812898	0.02579474155	46.552108	46.814976	46.821783	46.827285	0.009497832028	0.008721295675	0.008696611967	0.008676681168
11	64.9726776	64.8476691	64.8461357	64.8429	0.02580842028	0.02579607804	0.02580109733	0.02580040803	46.552108	46.791083	46.802361	46.81124	0.009497832028	0.008758034193	0.008758914306	0.008740135051
12	64.9921876	64.8756324	64.8744108	64.8707483	0.02581513144	0.02580758497	0.02580821164	0.02580579378	46.552108	46.780292	46.784564	46.792379	0.009497832028	0.008828727413	0.008811530376	0.008797155289
13	64.9778256	64.8691576	64.8679108	64.8647313	0.0257895724	0.02578292402	0.0257853681	0.02578390697	46.552108	46.761548	46.769464	46.777089	0.009497832028	0.008868607584	0.008861974266	0.008847091774
14	64.9864276	64.8855995	64.8846441	64.8818495	0.0258184389	0.02581875869	0.02581857182	0.02581600453	46.552108	46.755895	46.757213	46.763275	0.009497832028	0.008899926072	0.008899831913	0.008887058626
15	64.9878196	64.8930764	64.8915894	64.8882716	0.02582382443	0.02582014014	0.02581990212	0.02581897668	46.552108	46.740632	46.745302	46.751948	0.009497832028	0.00894270036	0.0089382958	0.00892475426
16	64.9752676	64.8858717	64.8847516	64.8822949	0.02581938519	0.02581962071	0.02581909805	0.02581896761	46.552108	46.731521	46.734668	46.740657	0.009497832028	0.008976388519	0.008969191691	0.00895720967
17	64.9716036	64.8873964	64.8859226	64.8836473	0.02581235034	0.02581543102	0.02581403851	0.02581309336	46.552108	46.722812	46.724638	46.730869	0.009497832028	0.009006084175	0.008999664975	0.008987479185
18	64.9692876	64.8880515	64.8871638	64.8845098	0.0258305174	0.0258290226	0.02582707557	0.02582621792	46.552108	46.716175	46.716594	46.722054	0.009497832028	0.009032583734	0.009024572254	0.009014073705
19	64.9898676	64.9124688	64.9114176	64.9092083	0.02583447955	0.02583309945	0.02583253715	0.02583272249	46.552108	46.705564	46.708208	46.713379	0.009497832028	0.009051511897	0.009048586773	0.009036716974
20	64.9898796	64.9169005	64.915625	64.9135944	0.02583503793	0.02583287812	0.02583201015	0.02583120281	46.552108	46.698805	46.70117	46.705512	0.009497832028	0.009070616995	0.009070645383	0.009060197085
21	64.9920216	64.9208636	64.920104	64.9181166	0.02578647246	0.02578232623	0.02578320326	0.02578189714	46.552108	46.692708	46.6951	46.699718	0.009497832028	0.009089968462	0.009089479554	0.009078097995
22	64.9794356	64.9124872	64.9112201	64.9092766	0.02580128258	0.02580181183	0.02580101675	0.02579988257	46.552108	46.686976	46.689473	46.693478	0.009497832028	0.009118644147	0.009106252298	0.009096132112
23	64.9682036	64.903908	64.9026819	64.9003305	0.02582699597	0.02583022972	0.02582756663	0.02582605961	46.552108	46.68492	46.684007	46.688365	0.009497832028	0.009122683986	0.009121689879	0.009111151071
24	64.9912816	64.9291189	64.9281021	64.9264514	0.02582785788	0.02582869095	0.02582487721	0.02582496831	46.552108	46.680897	46.678133	46.682662	0.009497832028	0.009141627852	0.009135995504	0.009128050228
25	64.9584996	64.8989017	64.898018	64.8961234	0.02582246135	0.02582193032	0.02582162162	0.02582166889	46.552108	46.671401	46.67386	46.678202	0.009497832028	0.009151250179	0.009150028719	0.00914303085
26	64.9851116	64.9257801	64.9251367	64.9232222	0.0258323328	0.02583096799	0.02583024649	0.0258303096	46.552108	46.667873	46.668791	46.672666	0.009497832028	0.009173848742	0.009163728307	0.009157036993
27	64.9935856	64.9383207	64.9375994	64.9356377	0.02581949358	0.02582126632	0.02582093048	0.02582038877	46.552108	46.664531	46.665242	46.668641	0.009497832028	0.009175516682	0.009174879331	0.009167564739
28	64.9931836	64.9393116	64.9383054	64.9365336	0.02581105424	0.02580627831	0.02580764922	0.02580662141	46.552108	46.657188	46.661702	46.665048	0.009497832028	0.009189912661	0.009185843662	0.009179186432
29	64.9959136	64.9423249	64.9416695	64.9398018	0.02581106747	0.02580721819	0.02580783972	0.02580681624	46.552108	46.655657	46.658555	46.661574	0.009497832028	0.009203192668	0.009196843055	0.009190626599
30	64.9711616	64.92024	64.9196624	64.9177509	0.02581378994	0.02580995493	0.0258101406	0.02580851103	46.552108	46.6544	46.655772	46.658917	0.009497832028	0.009209138939	0.009206027809	0.009200167642
31	64.9787996	64.9302847	64.9293914	64.9278959	0.0258000979	0.02580022803	0.02579888782	0.02579972882	46.552108	46.651191	46.651742	46.655627	0.009497832028	0.009217936345	0.009215061776	0.009209296537
32	64.9776316	64.9288045	64.928324	64.9270719	0.02580198631	0.02579953198	0.02579873969	0.02579854049	46.552108	46.648025	46.64888	46.652267	0.009497832028	0.009230422422	0.009223061289	0.009216902214
33	64.9691036	64.9235696	64.9225213	64.9214354	0.02581491406	0.02581584192	0.02581548797	0.0258165771	46.552108	46.644428	46.646129	46.649442	0.009497832028	0.009234097882	0.009230644606	0.009225066694
34	64.9887136	64.9437487	64.9429551	64.9415695	0.02583428354	0.02583394077	0.02583376517	0.02583408501	46.552108	46.641471	46.643143	46.646235	0.009497832028	0.009245574129	0.009238372686	0.009232028508
35	64.9683736	64.9237798	64.9231428	64.9221815	0.02583016256	0.02582969164	0.02582852407	0.02583002116	46.552108	46.640654	46.640644	46.644175	0.009497832028	0.009245223953	0.009247115389	0.009239919758
36	64.9936836	64.951056	64.9506872	64.9492642	0.02580398887	0.02580397611	0.0258018915	0.02580091777	46.552108	46.6402	46.637896	46.640646	0.009497832028	0.009253212155	0.009252293503	0.009247146846
37	64.9793336	64.9377157	64.9374308	64.9358916	0.0257989336	0.02579897296	0.02579749052	0.02579690123	46.552108	46.639001	46.636144	46.638968	0.009497832028	0.009259575425	0.009258990445	0.00925292941
38	64.9836216	64.9420115	64.9418509	64.9403806	0.02579742658	0.02579607662	0.02579405287	0.02579292166	46.552108	46.636715	46.634377	46.636498	0.009497832028	0.009267045273	0.009263727454	0.009259273714
39	65.0066036	64.9665517	64.9658548	64.9649627	0.0258147402	0.02581342309	0.02581334543	0.02581422971	46.552108	46.630941	46.632164	46.634451	0.009497832028	0.009272293051	0.00927003276	0.009263966336
40	64.9783536	64.9407488	64.9400089	64.938872	0.02579755477	0.02579887706	0.02579789378	0.02579678529	46.552108	46.630064	46.630537	46.6332	0.009497832028	0.009279784251	0.00927490856	0.009269558057
41	64.9908936	64.9534375	64.9533728	64.952125	0.02582286991	0.02582099624	0.02582192915	0.0258219234	46.552108	46.626855	46.628484	46.63111	0.009497832028	0.009282992101	0.0092807112	0.009275301223
42	64.9787116	64.94144	64.9409869	64.9396902	0.02580852946	0.02580755473	0.02580651867	0.02580606395	46.552108	46.62752	46.626877	46.629646	0.009497832028	0.009286452511	0.009285446717	0.009280594895
43	64.9866196	64.950286	64.9498532	64.9487531	0.02579644551	0.02579445781	0.02579438816	0.02579453215	46.552108	46.62422	46.625256	46.627823	0.009497832028	0.009294597314	0.009290886143	0.009285454796
44	64.9837516	64.9489133	64.9487253	64.9480485	0.02582262541	0.02582430752	0.02582412354	0.02582408588	46.552108	46.624409	46.624309	46.626265	0.009497832028	0.009294842202	0.009294627461	0.009289385544
45	64.9905336	64.9562538	64.9557514	64.9546427	0.02582144805	0.0258212483	0.02582028577	0.02582017199	46.552108	46.623074	46.622602	46.624651	0.009497832028	0.009299644472	0.00929926028	0.009294493723
46	64.9671836	64.9328489	64.9323192	64.9311807	0.02582887615	0.02582625305	0.02582745244	0.02582685785	46.552108	46.617757	46.620956	46.623031	0.009497832028	0.009309626117	0.009303308874	0.009298932395
47	64.9872596	64.9539816	64.9535071	64.9526136	0.02579568863	0.02579541217	0.02579470622	0.02579431045	46.552108	46.619428	46.619363	46.621548	0.009497832028	0.009309437878	0.00930770157	0.009303179304
48	64.9899616	64.9584401	64.9577943	64.9573861	0.02577591766	0.02577865612	0.02577712072	0.02577750599	46.552108	46.618893	46.618139	46.620433	0.009497832028	0.009312145649	0.009311208467	0.009307705577
49	64.9910836	64.9588156	64.9582735	64.9573591	0.0258185576	0.02581581199	0.02581804273	0.02581816817	46.552108	46.612108	46.616955	46.619123	0.009497832028	0.009321231332	0.009315063287	0.009311646312
50	64.9756016	64.945098	64.9447994	64.943579	0.02578694438	0.02578525094	0.02578760293	0.02578703905	46.552108	46.61174	46.615602	46.61779	0.009497832028	0.009322030092	0.0093185707	0.009314528789
51	64.9813136	64.9510298	64.9505934	64.9499204	0.02583315491	0.02583058107	0.0258324845	0.0258330617	46.552108	46.608914	46.613682	46.615852	0.009497832028	0.009322989322	0.009321937829	0.009318714604
52	64.9975296	64.9679875	64.9675586	64.9667749	0.02582621965	0.02582627801	0.02582487415	0.02582530077	46.552108	46.614715	46.613358	46.615597	0.009497832028	0.009330371024	0.00932541648	0.009322153961
53	64.9932376	64.9642875	64.9639383	64.9627937	0.02581021179	0.02580993659	0.02581028909	0.02581013038	46.552108	46.611235	46.611699	46.614441	0.009497832028	0.009332681848	0.009328899148	0.009324797977
54	64.9849116	64.9554906	64.9555302	64.9542404	0.02583562911	0.02583466132	0.02583497413	0.02583416076	46.552108	46.611278	46.611046	46.613372	0.009497832028	0.009335527095	0.009331665071	0.009328137594
55	64.9845796	64.9559182	64.955432	64.9543628	0.02578115108	0.02578067379	0.02578057688	0.02577978323	46.552108	46.609166	46.61	46.612104	0.009497832028	0.009338063173	0.009335014099	0.009330500353
56	64.9707876	64.9433732	64.9428013	64.9422406	0.02578601842	0.02578968701	0.02578868404	0.02578849028	46.552108	46.609576	46.609309	46.610958	0.009497832028	0.009339799561	0.009337285765	0.009333793499
57	64.9852656	64.9573114	64.9570347	64.9562834	0.02580977254	0.02580976358	0.02581003815	0.02580978328	46.552108	46.607162	46.608211	46.609782	0.009497832028	0.009339901404	0.009339386032	0.009335960544
58	64.9919556	64.9652115	64.9649342	64.9638728	0.02580252713	0.02580194545	0.02580289205	0.02580170581	46.552108	46.605495	46.607326	46.608924	0.009497832028	0.009346119281	0.009341857975	0.009338629802
59	64.9892236	64.9632048	64.9630257	64.9623933	0.02582417782	0.02582524379	0.02582444899	0.02582444194	46.552108	46.606684	46.606281	46.607889	0.009497832028	0.009347364173	0.009344748688	0.009341634848
60	64.9743216	64.9478734	64.9471741	64.9462374	0.02580608711	0.0258070394	0.02580502866	0.02580438503	46.552108	46.606422	46.605193	46.606822	0.009497832028	0.009348893279	0.009348230465	0.009344656337
61	64.9799676	64.952797	64.9527352	64.9519348	0.02583657488	0.02583219046	0.02583318214	0.02583278623	46.552108	46.60291	46.604596	46.606224	0.009497832028	0.009354013767	0.009350697295	0.009346466531
62	64.9748256	64.9487656	64.948447	64.9476796	0.02581251799	0.02581079065	0.02580973495	0.02580978617	46.552108	46.603628	46.60343	46.605208	0.009497832028	0.009356454122	0.009353583088	0.009350265825
63	64.9866616	64.961169	64.9608183	64.9597494	0.0258107111	0.02580967322	0.02580900311	0.02580817638	46.552108	46.60275	46.602539	46.604102	0.009497832028	0.009357295616	0.009355553365	0.009352523919
64	64.9837416	64.9584025	64.9579563	64.9573855	0.02580321368	0.02580081343	0.0258006972	0.02580073307	46.552108	46.601705	46.602059	46.603575	0.009497832028	0.009360045391	0.009357573864	0.009353857434
65	64.9618596	64.9372414	64.9366741	64.9360306	0.02579738315	0.02579317676	0.02579384811	0.02579347017	46.552108	46.599302	46.601653	46.602658	0.009497832028	0.009360541792	0.009359589925	0.00935575982
66	64.9683416	64.9447259	64.9441561	64.9436536	0.02580683502	0.02580645985	0.02580628491	0.02580614072	46.552108	46.600307	46.601033	46.602368	0.009497832028	0.009364354775	0.009361014816	0.009356909356
67	64.9903976	64.96616	64.9661024	64.9654403	0.02579141567	0.02579001796	0.02579005588	0.02579001304	46.552108	46.59966	46.599652	46.601039	0.009497832028	0.009366294047	0.00936253827	0.009359148779
68	64.9757036	64.952926	64.9529925	64.9520928	0.02582178789	0.02582187054	0.02582253324	0.02582212355	46.552108	46.59922	46.599305	46.600864	0.009497832028	0.009364784465	0.009364050377	0.009361081322
69	64.9911736	64.9684005	64.9681223	64.9673256	0.02581650443	0.02581578748	0.02581574359	0.02581634977	46.552108	46.598165	46.598619	46.600328	0.009497832028	0.009365948641	0.009365566083	0.009362801856
70	64.9863496	64.9640804	64.9637012	64.963224	0.0258001157	0.02579924859	0.02579928966	0.0257994758	46.552108	46.596872	46.597896	46.59904	0.009497832028	0.009372879169	0.00936735556	0.009364872597
71	64.9846296	64.9635485	64.9631137	64.9625051	0.02582844267	0.02583158446	0.02583069992	0.0258304295	46.552108	46.598025	46.597201	46.598203	0.009497832028	0.009369968537	0.009368873974	0.009366197309
72	65.0007756	64.9776653	64.97756	64.9768565	0.02580806955	0.02580586584	0.02580614388	0.02580538432	46.552108	46.596649	46.59702	46.597845	0.009497832028	0.009371795663	0.009370771269	0.009368574311
73	64.9716676	64.9494454	64.9493943	64.9486517	0.02584054713	0.02583925966	0.0258399158	0.02583943004	46.552108	46.595622	46.596499	46.597301	0.009497832028	0.009375973256	0.009372301269	0.009371337277
74	64.9911336	64.9696687	64.969428	64.9687351	0.02581695569	0.02581588614	0.02581540332	0.02581512099	46.552108	46.595631	46.59544	46.596903	0.009497832028	0.009376404747	0.009374560154	0.009372176634
75	65.0022556	64.9812662	64.9809471	64.9803707	0.025803441	0.02580365444	0.02580300962	0.02580303388	46.552108	46.595326	46.595203	46.596451	0.009497832028	0.009375972953	0.00937629242	0.009374391319
76	64.9873716	64.9660786	64.9656006	64.9651766	0.02582422565	0.02582235571	0.02582125601	0.0258214023	46.552108	46.595698	46.595198	46.596058	0.009497832028	0.009380386931	0.009377731832	0.009376299892
77	64.9888676	64.9688411	64.9682944	64.9674012	0.02582566333	0.02582690244	0.02582579502	0.02582492684	46.552108	46.595183	46.594732	46.595496	0.009497832028	0.009382355426	0.009380007685	0.009377655877
78	64.9725096	64.9527619	64.9527394	64.9518993	0.02582316239	0.02582411314	0.02582383697	0.02582332889	46.552108	46.593847	46.593742	46.594729	0.009497832028	0.009385560163	0.009382506151	0.009379850941
79	64.9583196	64.9389172	64.9386831	64.9381425	0.02583104224	0.02583056271	0.02583119037	0.02583140087	46.552108	46.592496	46.593283	46.594465	0.009497832028	0.009384252275	0.009383599269	0.009381367405
80	64.9724196	64.9525019	64.9522246	64.9514979	0.02581376057	0.02581274286	0.02581325241	0.02581248657	46.552108	46.591487	46.592598	46.593387	0.009497832028	0.009387733222	0.009385028223	0.00938210989
81	64.9930796	64.9718913	64.9713662	64.9710367	0.02581361366	0.02581152127	0.02581065727	0.02581056237	46.552108	46.591789	46.592046	46.592971	0.009497832028	0.009388419175	0.009386542209	0.009383256622
82	64.9773216	64.9578834	64.9573801	64.9567591	0.02579746374	0.02579583715	0.02579588887	0.02579528105	46.552108	46.590682	46.591773	46.592543	0.009497832028	0.009386895653	0.009387698355	0.009385450273
83	64.9829356	64.9634912	64.9635384	64.9628389	0.02579116721	0.02579001334	0.02579024255	0.02579036054	46.552108	46.590416	46.590952	46.592177	0.009497832028	0.009390491914	0.009388662423	0.009386263466
84	64.9839416	64.9657068	64.9651878	64.9643812	0.02580527322	0.0258060608	0.02580515537	0.02580443539	46.552108	46.590564	46.590894	46.591816	0.009497832028	0.009392135762	0.009390567869	0.009387588296
85	64.9901196	64.9709322	64.9707718	64.9699958	0.02579741069	0.02579414811	0.02579495811	0.02579473008	46.552108	46.588406	46.589994	46.591714	0.009497832028	0.009392878155	0.009391766186	0.009388583209
86	64.9685676	64.9495356	64.9490008	64.948545	0.02580529816	0.02580423151	0.02580334072	0.02580360154	46.552108	46.589508	46.590044	46.59097	0.009497832028	0.009392075668	0.00939246214	0.009389680543
87	64.9862536	64.9676986	64.9674487	64.9665956	0.02578527724	0.02578625577	0.025785368	0.02578450131	46.552108	46.589578	46.588991	46.590048	0.009497832028	0.009393776952	0.009393509662	0.009391590763
88	64.9851096	64.9667904	64.9666109	64.9659955	0.02580954074	0.02580920819	0.02580895072	0.02580878256	46.552108	46.588532	46.588577	46.589755	0.009497832028	0.00939382936	0.009394340948	0.009393469468
89	64.9855196	64.9672811	64.9669261	64.9661498	0.02581999557	0.02581714031	0.02581720743	0.02581636778	46.552108	46.588023	46.588573	46.589374	0.009497832028	0.009395554124	0.009396149196	0.009394256335
90	64.9678536	64.9494599	64.9491083	64.9487105	0.02579536258	0.02579302854	0.0257924981	0.02579316511	46.552108	46.588327	46.588219	46.589105	0.009497832028	0.009398752695	0.009397673789	0.009395045133
91	64.9944896	64.9767954	64.9762593	64.9760362	0.02580364085	0.02580100511	0.0258002243	0.02580106749	46.552108	46.587802	46.587689	46.588766	0.009497832028	0.009400806462	0.009397966724	0.009396155283
92	65.0043696	64.9880606	64.9880223	64.987376	0.02581035356	0.02581284912	0.02581286008	0.02581259286	46.552108	46.587438	46.587459	46.58834	0.009497832028	0.009400542021	0.009399555536	0.009397464211
93	64.9820396	64.9659008	64.9656592	64.9651456	0.02580958212	0.02581134053	0.02581145361	0.02581151845	46.552108	46.586744	46.586976	46.588048	0.009497832028	0.00940130922	0.00940077221	0.009398658932
94	64.9681596	64.9506401	64.9504277	64.9501432	0.02581479563	0.02581261604	0.02581215455	0.0258121484	46.552108	46.586293	46.586301	46.587216	0.009497832028	0.009402318476	0.009401509987	0.00939930836
95	64.9941176	64.9773481	64.9772066	64.9768914	0.02583873112	0.02583711954	0.02583752971	0.02583741664	46.552108	46.585733	46.586178	46.586842	0.009497832028	0.009405764698	0.009403170294	0.0094009155
96	64.9784076	64.9618406	64.9613897	64.9611975	0.02581331084	0.02581276467	0.02581331252	0.0258138409	46.552108	46.583878	46.585641	46.586575	0.009497832028	0.009404141174	0.009404900779	0.009402150395
97	64.9993916	64.983043	64.9830851	64.9823333	0.02580148666	0.02580198909	0.02580262997	0.02580223057	46.552108	46.58483	46.585343	46.586269	0.009497832028	0.009408529372	0.009405417672	0.009403732904
98	64.9946656	64.9788424	64.9785254	64.978226	0.02580035905	0.02580288031	0.0258018763	0.02580159824	46.552108	46.585412	46.584962	46.58588	0.009497832028	0.009406596826	0.009405495866	0.00940435934
99	64.9673636	64.951133	64.9510368	64.9503115	0.02583439389	0.02583456451	0.02583359785	0.02583330768	46.552108	46.58447	46.584604	46.585475	0.009497832028	0.009405327047	0.00940631776	0.009404749319
100	64.9790356	64.9632675	64.9629718	64.9623875	0.02579420598	0.02579529967	0.02579570142	0.02579551075	46.552108	46.582375	46.584434	46.585055	0.009497832028	0.009409141918	0.009406962763	0.009405727489
