n	avgPP	avgPF	avgPT	avgPE	sdPP	sdPF	sdPT	sdPE	avgIP	avgIF	avgIT	avgIE	sdIP	sdIF	sdIT	sdIE
0	14.3795744	7.978326	7.978326	7.978326	0.01823980963	0.01532532553	0.01532532553	0.01532532553	27.099234	20	20	20	0.02896987275	0	0	0
1	14.3785444	13.1095906	12.4949432	10.5545826	0.01824081956	0.01791972072	0.0169904981	0.01389952773	27.099234	25.827511	25.245122	22.597201	0.02896987275	0.02683436422	0.0241013866	0.01394195691
2	14.3790624	13.6518932	13.4033772	11.724065	0.01822469269	0.01806952203	0.01776236483	0.01410024042	27.099234	26.407302	26.159132	23.748165	0.02896987275	0.02782984231	0.0270254322	0.01774694056
3	14.3853744	13.8694218	13.7198622	12.4225022	0.018226805	0.01810396768	0.01796498498	0.01499994628	27.099234	26.599513	26.466227	24.830037	0.02896987275	0.02816910552	0.02778046214	0.02068774206
4	14.3869664	13.9951686	13.8923372	12.8990098	0.01824408786	0.01815223282	0.01807424757	0.01545670403	27.099234	26.720101	26.622012	25.280693	0.02896987275	0.02835644934	0.0281205241	0.02231358693
5	14.3865724	14.0640764	13.9864506	13.2134676	0.01823646138	0.01816428781	0.01811401141	0.01600375274	27.099234	26.798884	26.717411	25.734636	0.02896987275	0.02847485716	0.0283199102	0.02372370547
6	14.3871944	14.117847	14.053829	13.4516308	0.01824006023	0.01818158219	0.01814789333	0.01645422811	27.099234	26.844255	26.782675	26.029118	0.02896987275	0.02855982017	0.02843976232	0.02490426747
7	14.3859784	14.1522272	14.100482	13.620333	0.0182340068	0.01818753512	0.01816705812	0.01684165256	27.099234	26.876812	26.82782	26.282445	0.02896987275	0.02862005167	0.0285227735	0.0258238648
8	14.3863544	14.1814178	14.137519	13.752479	0.01822563257	0.01818293359	0.01816507889	0.01711600954	27.099234	26.901783	26.861625	26.441155	0.02896987275	0.02866203212	0.02858384559	0.02654752204
9	14.3844564	14.1994344	14.1604786	13.846711	0.01822833328	0.01818926153	0.01817465413	0.01734903637	27.099234	26.925114	26.888271	26.565715	0.02896987275	0.02868813443	0.02862844846	0.02707232007
10	14.3858004	14.2193174	14.1854512	13.9287968	0.01823496848	0.01820067959	0.01818905587	0.01749240062	27.099234	26.943929	26.908602	26.620618	0.02896987275	0.02871675576	0.02866450301	0.02727835399
11	14.3855604	14.2334146	14.2034648	13.987907	0.01822939891	0.01819587002	0.01819016496	0.01764484172	27.099234	26.952531	26.926658	26.703475	0.02896987275	0.02874749772	0.0286943065	0.02767050846
12	14.3842984	14.2426608	14.2155876	14.030484	0.01823544289	0.01820745259	0.01820001539	0.0177370027	27.099234	26.974538	26.941276	26.74563	0.02896987275	0.02874902363	0.02871878629	0.02781792525
13	14.3911504	14.2610546	14.2362016	14.0779654	0.01822483992	0.01819006649	0.0181862496	0.01781769082	27.099234	26.977721	26.953566	26.790699	0.02896987275	0.02877265167	0.02873944551	0.02805467668
14	14.3833824	14.2625228	14.2391248	14.1004704	0.01822758231	0.01820532248	0.01820221753	0.01789697992	27.099234	26.988508	26.964278	26.818474	0.02896987275	0.02878792405	0.02875709978	0.02815157986
15	14.3822344	14.2690732	14.2472742	14.1233616	0.01824968571	0.01822740512	0.01822377182	0.01796809151	27.099234	26.998162	26.972957	26.848286	0.02896987275	0.02879666435	0.02877216454	0.02830035369
16	14.3825844	14.2780042	14.2583908	14.148281	0.01823729852	0.01821249386	0.0182088816	0.01799558931	27.099234	27.001037	26.980348	26.867355	0.02896987275	0.02881199293	0.02878623872	0.02836558966
17	14.3825184	14.2838322	14.2652306	14.1663104	0.01821382418	0.01818686903	0.01818636055	0.01800757536	27.099234	27.004437	26.987151	26.884624	0.02896987275	0.02882192279	0.02879813278	0.0284364447
18	14.3867744	14.2938032	14.2752596	14.1849846	0.0182408449	0.01821751303	0.0182166863	0.01805905789	27.099234	27.008022	26.992796	26.901271	0.02896987275	0.02882994508	0.02880657336	0.028507473
19	14.3833564	14.293878	14.2770712	14.1957782	0.0182312315	0.01820829002	0.0182066648	0.01807831726	27.099234	27.01953	26.999402	26.913647	0.02896987275	0.02884149351	0.0288169329	0.02854885084
20	14.3921524	14.3080212	14.293184	14.215301	0.01825034142	0.01823127979	0.018225561	0.01810890223	27.099234	27.022732	27.00437	26.925405	0.02896987275	0.02884669816	0.0288239508	0.02858836081
21	14.3838284	14.3047224	14.2903138	14.2181982	0.01822775954	0.01821732777	0.01821368192	0.01811281514	27.099234	27.029594	27.009253	26.936767	0.02896987275	0.02885114427	0.02883243421	0.02862509644
22	14.3827284	14.3054254	14.2906926	14.224914	0.0182312752	0.01821387166	0.01821468938	0.01812395818	27.099234	27.026799	27.012931	26.94506	0.02896987275	0.02885509055	0.02883957309	0.02865425895
23	14.3802864	14.3072128	14.2936104	14.2307714	0.01824536996	0.0182315348	0.01822986858	0.01814861864	27.099234	27.031988	27.016934	26.952469	0.02896987275	0.02885656404	0.02884529315	0.02867766228
24	14.3759084	14.3051134	14.2917968	14.2333804	0.0182295053	0.01821141747	0.01821026841	0.01813889143	27.099234	27.032699	27.020168	26.959384	0.02896987275	0.02886762542	0.0288503281	0.02869896298
25	14.3868524	14.3183334	14.3047862	14.248283	0.01824448711	0.01822940625	0.01822596536	0.01816162117	27.099234	27.038669	27.022577	26.964895	0.02896987275	0.02886813509	0.02885681688	0.02871695144
26	14.3855584	14.3194598	14.3077556	14.2545786	0.01823720798	0.01822437997	0.01822296431	0.01816422009	27.099234	27.038223	27.025506	26.971001	0.02896987275	0.02887445292	0.02886160345	0.0287354588
27	14.3794424	14.3188572	14.307881	14.2580942	0.01823758305	0.01822318584	0.01822329531	0.0181705409	27.099234	27.039152	27.029145	26.976277	0.02896987275	0.0288802122	0.02886654706	0.02874948079
28	14.3774004	14.317316	14.306136	14.2585628	0.01823587734	0.01822218919	0.01822208007	0.01816996467	27.099234	27.04145	27.0316	26.980358	0.02896987275	0.02888621835	0.02886990597	0.02876151213
29	14.3769844	14.3188842	14.3079512	14.2634916	0.01823038897	0.0182186545	0.01821842	0.01817270929	27.099234	27.043797	27.033332	26.984236	0.02896987275	0.0288861204	0.02887410493	0.02877147423
30	14.3854884	14.3278008	14.3179204	14.274854	0.01823685236	0.018224765	0.01822164624	0.01818034793	27.099234	27.046598	27.034824	26.98821	0.02896987275	0.02888571236	0.02887666	0.02878231021
31	14.3901404	14.3359168	14.3254996	14.284121	0.01823418033	0.01822329264	0.01822224115	0.01818161288	27.099234	27.046598	27.036746	26.991815	0.02896987275	0.0288872714	0.02887792024	0.02879205348
32	14.3858784	14.3315796	14.3220332	14.2824302	0.01822789827	0.01821467412	0.01821429059	0.01817839774	27.099234	27.047366	27.038912	26.994907	0.02896987275	0.02889222323	0.02888137268	0.02879957285
33	14.3860964	14.3346132	14.3254636	14.2868742	0.01824077565	0.01822814781	0.01822707568	0.01819027861	27.099234	27.050842	27.040116	26.997717	0.02896987275	0.02889068525	0.02888522867	0.0288066811
34	14.3859024	14.3357328	14.3277566	14.2900882	0.01822552695	0.01821533248	0.01821447387	0.01818095752	27.099234	27.052908	27.042501	27.001497	0.02896987275	0.02889740755	0.02888898049	0.02881496817
35	14.3923484	14.3443016	14.335097	14.2989524	0.01822649915	0.01821770673	0.01821609904	0.01818528661	27.099234	27.055646	27.044385	27.004334	0.02896987275	0.02889814607	0.02889098083	0.02881922319
36	14.3786264	14.3320948	14.3241428	14.2888356	0.01823578511	0.01822556912	0.01822515275	0.01819664361	27.099234	27.055878	27.046428	27.008196	0.02896987275	0.0288995767	0.02889381715	0.02882709972
37	14.3839644	14.3373882	14.3291626	14.2958792	0.01823541742	0.01822654848	0.01822633752	0.01820011936	27.099234	27.057307	27.047551	27.009492	0.02896987275	0.02890332928	0.02889646893	0.02883191327
38	14.3867324	14.341721	14.3341692	14.3003284	0.01823454156	0.01822219281	0.01822140915	0.01819382511	27.099234	27.057315	27.048302	27.012154	0.02896987275	0.02890519524	0.02889753266	0.02883552884
39	14.3875704	14.3444822	14.3368596	14.3068372	0.01821900246	0.01820936265	0.01820814316	0.01818159438	27.099234	27.059307	27.050076	27.014282	0.02896987275	0.02890583833	0.02889968071	0.02884084227
40	14.3788524	14.3358582	14.3281518	14.2976064	0.01823025218	0.01822314538	0.01822122153	0.01819716701	27.099234	27.060247	27.050633	27.016324	0.02896987275	0.02890872317	0.02890145651	0.02884420547
41	14.3875284	14.3456242	14.3382034	14.308642	0.01824000593	0.01823120415	0.01823041202	0.01820671476	27.099234	27.060007	27.052059	27.01755	0.02896987275	0.02890800363	0.02890268916	0.0288481503
42	14.3845164	14.343647	14.3368644	14.3086878	0.01823918163	0.0182275755	0.01822764543	0.01820620101	27.099234	27.060535	27.053014	27.019753	0.02896987275	0.02890982141	0.02890417197	0.02885248313
43	14.3858564	14.3460426	14.339164	14.3119382	0.01823031581	0.01822188739	0.01822043606	0.0182009701	27.099234	27.061781	27.05421	27.021847	0.02896987275	0.02891192696	0.02890660115	0.02885669616
44	14.3809584	14.342114	14.3350092	14.3072118	0.01824330867	0.01823319863	0.01823319444	0.01821274737	27.099234	27.06239	27.055092	27.023593	0.02896987275	0.02891126335	0.02890711955	0.02886020668
45	14.3875704	14.3496202	14.342825	14.3167438	0.01822450769	0.01821314689	0.01821457285	0.01819473989	27.099234	27.062187	27.055845	27.024773	0.02896987275	0.02891487855	0.02890930661	0.02886268689
46	14.3723164	14.335654	14.3295782	14.3043584	0.01822474447	0.01821573966	0.01821511388	0.01819565007	27.099234	27.06438	27.056667	27.026224	0.02896987275	0.0289149472	0.02891051554	0.02886508185
47	14.3815184	14.3454086	14.3384416	14.31333	0.01824170243	0.01823218934	0.01823197826	0.01821291667	27.099234	27.064521	27.057296	27.02712	0.02896987275	0.02891663292	0.02891119197	0.02886682047
48	14.3852064	14.3490384	14.343389	14.3179628	0.01823474984	0.01822635419	0.01822483334	0.01820664718	27.099234	27.066284	27.058015	27.028578	0.02896987275	0.02891889611	0.02891220049	0.0288715888
49	14.3872044	14.3534862	14.3473238	14.323395	0.01823000355	0.01821860314	0.0182197333	0.01820295257	27.099234	27.065327	27.058793	27.029605	0.02896987275	0.02891819038	0.02891407332	0.02887296494
50	14.3850764	14.350321	14.3443982	14.3214636	0.01822872161	0.01822056911	0.01822006074	0.01820384631	27.099234	27.068505	27.059747	27.030796	0.02896987275	0.0289180904	0.02891561947	0.0288759512
51	14.3749644	14.3417858	14.3356018	14.3138474	0.01822359575	0.01821845416	0.01821778309	0.01820217218	27.099234	27.068653	27.060493	27.032069	0.02896987275	0.02891964315	0.02891612128	0.02887741784
52	14.3856364	14.3516944	14.3463336	14.3247418	0.01824199255	0.01823276661	0.0182331634	0.01821784257	27.099234	27.067024	27.060876	27.032873	0.02896987275	0.0289227875	0.02891742006	0.02887985087
53	14.3851744	14.3523924	14.3464602	14.3255406	0.01822927103	0.01822322027	0.01822421262	0.01820825393	27.099234	27.067664	27.061397	27.033971	0.02896987275	0.02892327933	0.02891851093	0.02888119798
54	14.3888984	14.3569428	14.3511636	14.3304902	0.0182339407	0.01822628072	0.01822546943	0.01821259077	27.099234	27.070128	27.062336	27.035117	0.02896987275	0.02892237643	0.02891964664	0.0288837611
55	14.3826964	14.351533	14.345528	14.3249452	0.01824025919	0.01823333645	0.01823303832	0.01821788845	27.099234	27.069235	27.06305	27.036282	0.02896987275	0.02892390743	0.02892054384	0.02888655998
56	14.3783784	14.3480416	14.3430004	14.3234794	0.01823775088	0.01823066715	0.01823032167	0.01821600972	27.099234	27.070436	27.063804	27.037079	0.02896987275	0.02892607674	0.02892157449	0.02888847912
57	14.3918904	14.3613886	14.356541	14.3350598	0.0182381624	0.01823382901	0.01823372878	0.01821886688	27.099234	27.070921	27.063755	27.037743	0.02896987275	0.02892504098	0.02892154389	0.02889184521
58	14.3871784	14.3581904	14.3530134	14.3341912	0.01822457478	0.01821899924	0.0182194545	0.01820548044	27.099234	27.071454	27.064849	27.038312	0.02896987275	0.02892619796	0.02892293014	0.02889430481
59	14.3761484	14.3466196	14.341309	14.3228222	0.01823165092	0.0182238136	0.01822218157	0.01821243281	27.099234	27.071996	27.065305	27.039497	0.02896987275	0.02892755165	0.02892389008	0.02889591595
60	14.3821464	14.352848	14.347938	14.329521	0.0182250354	0.01822058622	0.0182211198	0.01820659214	27.099234	27.07291	27.06663	27.039965	0.02896987275	0.02892769996	0.02892464129	0.02889815912
61	14.3824584	14.354731	14.3493028	14.3309578	0.01823432991	0.01822832861	0.01822808993	0.01821354924	27.099234	27.073175	27.066568	27.039933	0.02896987275	0.028927743	0.02892519434	0.02889870911
62	14.3885784	14.3601684	14.3558142	14.339078	0.01824056029	0.01823480189	0.0182341617	0.01821877216	27.099234	27.072234	27.066947	27.04039	0.02896987275	0.02892947133	0.02892637159	0.028900786
63	14.3800584	14.353051	14.3482332	14.330547	0.01823052898	0.01822150518	0.01822326804	0.01820920206	27.099234	27.073775	27.067832	27.040945	0.02896987275	0.02892916963	0.02892782311	0.02890329283
64	14.3754804	14.3488876	14.3437556	14.3258334	0.01823310861	0.01822958448	0.0182299621	0.01821753335	27.099234	27.074416	27.068186	27.041299	0.02896987275	0.02892964303	0.02892747702	0.02890389192
65	14.3811204	14.3552356	14.3507494	14.3329184	0.0182377111	0.01823364759	0.01823340886	0.0182208937	27.099234	27.075016	27.068189	27.041154	0.02896987275	0.02893018378	0.02892778024	0.0289050076
66	14.3816144	14.355133	14.350021	14.3327696	0.01823295101	0.01822780888	0.01822775213	0.01821314693	27.099234	27.074565	27.068585	27.040816	0.02896987275	0.0289312623	0.02892954256	0.02890702035
67	14.3828964	14.3565726	14.3523688	14.3357146	0.01823679975	0.01823109691	0.01823148878	0.01821770052	27.099234	27.074841	27.069138	27.041491	0.02896987275	0.02893135052	0.02893004483	0.0289086388
68	14.3793764	14.3543048	14.3502746	14.3320274	0.01823563338	0.01823187509	0.01823040844	0.0182145112	27.099234	27.075408	27.069461	27.041359	0.02896987275	0.02893210324	0.02893022916	0.02891015414
69	14.3778824	14.3536648	14.3491946	14.3334714	0.01824078156	0.0182350262	0.01823562338	0.01821978147	27.099234	27.075468	27.069731	27.040959	0.02896987275	0.02893375159	0.02893102392	0.02891094271
70	14.3791184	14.354061	14.3496234	14.3328568	0.0182411542	0.01823565946	0.01823624731	0.01822236447	27.099234	27.076275	27.070339	27.041298	0.02896987275	0.0289350436	0.02893187007	0.0289132032
71	14.3803904	14.3551554	14.3513996	14.3353438	0.0182348357	0.01822661828	0.01822670173	0.01821273881	27.099234	27.075909	27.070406	27.041173	0.02896987275	0.02893532877	0.02893223147	0.02891550511
72	14.3807664	14.3569022	14.3531968	14.338567	0.0182358776	0.01823189543	0.01823133019	0.01821623097	27.099234	27.075897	27.070848	27.039955	0.02896987275	0.02893435637	0.02893237829	0.02891565157
73	14.3805044	14.357516	14.3534376	14.3384944	0.01822286099	0.01821653389	0.01821529056	0.01819929862	27.099234	27.07688	27.071086	27.039084	0.02896987275	0.02893556871	0.02893305002	0.02891799849
74	14.3858104	14.36321	14.3592838	14.3440388	0.01824026497	0.01823659921	0.01823665894	0.01821752035	27.099234	27.07754	27.071603	27.038958	0.02896987275	0.0289359621	0.028932758	0.02892001818
75	14.3767864	14.353959	14.3496046	14.3349328	0.01823015401	0.01822400112	0.01822600585	0.0182073612	27.099234	27.076385	27.072111	27.038448	0.02896987275	0.02893591754	0.02893329448	0.0289208453
76	14.3944844	14.3720444	14.368062	14.3520792	0.01823264234	0.01822513729	0.01822590041	0.01820760957	27.099234	27.078274	27.07206	27.037152	0.02896987275	0.0289351635	0.02893407428	0.02892268164
77	14.3831224	14.3610418	14.3577128	14.3433008	0.01823387505	0.01822772284	0.01822744305	0.01821079737	27.099234	27.078053	27.072748	27.036228	0.02896987275	0.0289374901	0.02893459157	0.02892512826
78	14.3827504	14.3601784	14.3566956	14.3431384	0.01824035711	0.01823524307	0.01823543606	0.01821691352	27.099234	27.078864	27.072856	27.034924	0.02896987275	0.02893649055	0.02893513872	0.02892602996
79	14.3880284	14.3659656	14.3629158	14.3492718	0.01822774215	0.01822421523	0.01822295989	0.01820308408	27.099234	27.078276	27.073363	27.034013	0.02896987275	0.02893815865	0.0289356721	0.02892688761
80	14.3892744	14.3681034	14.3644434	14.3508746	0.01823264362	0.01822752639	0.01822688468	0.01820663215	27.099234	27.078699	27.073309	27.032711	0.02896987275	0.02893825852	0.02893565536	0.02892901696
81	14.3773124	14.3556122	14.3522632	14.3386982	0.01823049111	0.01822563355	0.01822576131	0.01820413657	27.099234	27.079077	27.073852	27.030967	0.02896987275	0.02893946802	0.02893636824	0.02893042634
82	14.3789104	14.3595326	14.3563848	14.3422186	0.018240263	0.01823493997	0.01823420277	0.01821155565	27.099234	27.078821	27.073998	27.029211	0.02896987275	0.02893954079	0.02893711065	0.0289318094
83	14.3888704	14.3681728	14.3653582	14.3513066	0.01824389452	0.01823913051	0.0182393418	0.01821472492	27.099234	27.079018	27.074217	27.027571	0.02896987275	0.02893916233	0.02893711905	0.02893426742
84	14.3794304	14.3586726	14.3550026	14.3417868	0.01823046055	0.01822539253	0.01822294419	0.01820001243	27.099234	27.080681	27.074421	27.025018	0.02896987275	0.02893907972	0.02893736622	0.02893602971
85	14.3842644	14.3630682	14.3599338	14.347092	0.01823235751	0.01822657995	0.01822556934	0.01820027944	27.099234	27.080477	27.074553	27.02282	0.02896987275	0.02893923098	0.02893763574	0.02893818709
86	14.3818344	14.3612822	14.3584432	14.3457374	0.01824603448	0.01824156303	0.01824125633	0.01821467169	27.099234	27.080327	27.075162	27.020679	0.02896987275	0.02894003861	0.02893829298	0.02894065618
87	14.3788584	14.3583228	14.3553376	14.3433566	0.01824172933	0.01823790379	0.01823776405	0.01821176527	27.099234	27.080458	27.075246	27.018001	0.02896987275	0.02894016524	0.02893869372	0.02894100419
88	14.3805804	14.3620226	14.3588628	14.3461368	0.01822902736	0.0182245203	0.0182257587	0.0181957983	27.099234	27.080131	27.075678	27.015178	0.02896987275	0.02894125328	0.02893864186	0.02894204543
89	14.3822924	14.3630932	14.3594554	14.3468312	0.01822993255	0.01822570793	0.01822558908	0.01819387075	27.099234	27.081432	27.075819	27.012122	0.02896987275	0.0289404557	0.02893953577	0.02894407934
90	14.3837384	14.3652482	14.362128	14.349647	0.01823727793	0.01823266484	0.01823200253	0.01819727443	27.099234	27.082047	27.07596	27.009265	0.02896987275	0.0289410824	0.02893925299	0.02894599795
91	14.3909044	14.3713074	14.3685318	14.3560372	0.01822599269	0.01822118783	0.01822138709	0.01818547693	27.099234	27.081229	27.076373	27.005812	0.02896987275	0.02894166057	0.028939568	0.02894770577
92	14.3803624	14.3618242	14.3593882	14.347181	0.01823174608	0.01822650886	0.01822558707	0.01818934954	27.099234	27.081427	27.076347	27.002155	0.02896987275	0.02894200235	0.02894006752	0.02894929571
93	14.3874724	14.3702152	14.3671824	14.3541614	0.01825677602	0.01825366569	0.01825379693	0.01821253468	27.099234	27.082112	27.076694	26.998199	0.02896987275	0.02894085809	0.02894013601	0.02895014959
94	14.3800644	14.3621978	14.3594278	14.3471522	0.01825528925	0.01824814426	0.01824793095	0.01820485644	27.099234	27.082063	27.076703	26.994577	0.02896987275	0.02894107054	0.02894085982	0.02895160696
95	14.3812984	14.3643264	14.361691	14.3491502	0.01824104796	0.01823715369	0.01823512162	0.0181915567	27.099234	27.082144	27.077095	26.990127	0.02896987275	0.02894129684	0.02894136633	0.0289536255
96	14.3772424	14.3584404	14.3559868	14.3443306	0.01822652409	0.01822163682	0.01822120401	0.01817458308	27.099234	27.082124	27.077378	26.985701	0.02896987275	0.02894320258	0.0289417325	0.02895441687
97	14.3775564	14.3595524	14.3565128	14.344489	0.01824822375	0.01824391086	0.01824379518	0.0181941257	27.099234	27.082684	27.077358	26.980995	0.02896987275	0.02894316712	0.02894172023	0.02895475647
98	14.3845364	14.3665896	14.3643308	14.3525608	0.01823549845	0.01823309522	0.01823220642	0.01817984129	27.099234	27.082516	27.077528	26.976138	0.02896987275	0.02894324821	0.02894232057	0.02895568471
99	14.3762824	14.357758	14.355397	14.3434834	0.01824111005	0.01823891707	0.018237579	0.01818437198	27.099234	27.0829	27.077615	26.970879	0.02896987275	0.028943929	0.02894258919	0.02895712539
100	14.3766464	14.3603888	14.3573348	14.3451694	0.01822636278	0.01822058504	0.01821935112	0.01816435511	27.099234	27.083108	27.077908	26.965469	0.02896987275	0.02894372031	0.02894244792	0.02895873388
