n	avgPP	avgPF	avgPT	avgPE	sdPP	sdPF	sdPT	sdPE	avgIP	avgIF	avgIT	avgIE	sdIP	sdIF	sdIT	sdIE
0	23.6087847	11.251434	11.251434	11.251434	0.03360849776	0.02386527734	0.02386527734	0.02386527734	37.559801	26	26	26	0.04811470343	0	0	0
1	23.5995227	21.9436854	20.9329584	16.6016894	0.03363116202	0.03293087302	0.03086288691	0.02228826934	37.559801	36.387362	35.669712	30.771782	0.04811470343	0.04609711653	0.04268123344	0.02348816048
2	23.6144847	22.6799706	22.361767	19.0802776	0.03362538335	0.03323554668	0.03273027819	0.02446914747	37.559801	36.915118	36.69915	33.365788	0.04811470343	0.04706471661	0.04631878734	0.03139985246
3	23.6070427	22.9627471	22.7903515	20.5465877	0.03364340536	0.03336664198	0.03314826765	0.0265206288	37.559801	37.111353	36.997725	34.775971	0.04811470343	0.04740109525	0.04706169042	0.03640427204
4	23.6053347	23.1066921	22.9940112	21.4401383	0.03362528517	0.03341434031	0.03330224567	0.02815959044	37.559801	37.219823	37.140896	35.600669	0.04811470343	0.04758435348	0.0473847353	0.03952272249
5	23.6044987	23.1998051	23.1144029	22.0191473	0.0336062607	0.03343299281	0.03336058105	0.02951624843	37.559801	37.278993	37.224087	36.190259	0.04811470343	0.04768088071	0.04755668523	0.04195933048
6	23.6125047	23.273121	23.2083287	22.4104923	0.03363305674	0.03348479625	0.03343027767	0.03046783827	37.559801	37.32325	37.279961	36.508089	0.04811470343	0.04774907811	0.04765892296	0.04340169888
7	23.6093107	23.3153162	23.2599679	22.6673812	0.03362623267	0.0335057989	0.0334701751	0.03121457653	37.559801	37.358526	37.319377	36.772336	0.04811470343	0.04779783776	0.04773379632	0.04456971978
8	23.6114927	23.3544167	23.3071613	22.8553106	0.03361908359	0.03350611177	0.03348100301	0.03178225392	37.559801	37.379121	37.349459	36.953138	0.04811470343	0.04784488591	0.04778738426	0.04546243081
9	23.6070967	23.3780027	23.3402882	22.9903983	0.03360855781	0.03351697801	0.03349599875	0.03220704122	37.559801	37.405601	37.373586	37.074269	0.04811470343	0.04786486329	0.04782732092	0.04610847734
10	23.6058687	23.3993742	23.3656471	23.0891902	0.03360314476	0.03351331248	0.03349991036	0.03252926054	37.559801	37.415866	37.391673	37.169946	0.04811470343	0.04789363977	0.04785748851	0.04659809664
11	23.6071747	23.4182448	23.3867938	23.162051	0.03360320322	0.03351994849	0.0335055128	0.03276011869	37.559801	37.429424	37.405214	37.23067	0.04811470343	0.04790861091	0.04787914214	0.04694203384
12	23.6148967	23.4412252	23.4130261	23.2258665	0.03361480118	0.03354249766	0.03353047119	0.03295816858	37.559801	37.435256	37.417563	37.276375	0.04811470343	0.04792942322	0.0478991945	0.04718999875
13	23.6064867	23.4448694	23.4191569	23.262517	0.03361268506	0.03354407142	0.03353345535	0.03308815368	37.559801	37.446582	37.428807	37.30893	0.04811470343	0.04794076322	0.04791769106	0.04733210048
14	23.6155307	23.4673009	23.4441424	23.3081656	0.03364753014	0.03358301066	0.0335762739	0.03320827878	37.559801	37.456507	37.438052	37.336828	0.04811470343	0.04794663222	0.04793312271	0.04748124195
15	23.6170087	23.4812956	23.4612768	23.3401722	0.033612497	0.03355798122	0.03355142405	0.03325469743	37.559801	37.464968	37.446464	37.357926	0.04811470343	0.04796534256	0.04794833558	0.04757310466
16	23.6127247	23.4821266	23.4619639	23.3565256	0.0336273896	0.0335669593	0.0335614281	0.03332398918	37.559801	37.469978	37.453777	37.377508	0.04811470343	0.04797383732	0.04795954403	0.04765980957
17	23.6129187	23.4880034	23.4689737	23.374486	0.03364218087	0.03358933847	0.03358429659	0.03338156497	37.559801	37.475602	37.460071	37.39092	0.04811470343	0.04798218671	0.04796965828	0.04771630157
18	23.6150307	23.4977141	23.4794195	23.3913567	0.03364993769	0.03359381032	0.03358842114	0.03341539698	37.559801	37.480403	37.465245	37.403301	0.04811470343	0.04799068887	0.04797927382	0.04776497429
19	23.6177187	23.5062928	23.4902736	23.4115339	0.03360673772	0.03355843304	0.03355640566	0.03341946108	37.559801	37.481004	37.470228	37.413837	0.04811470343	0.04800216473	0.04798826147	0.04780638089
20	23.6207087	23.5133259	23.4977176	23.4239092	0.03362462863	0.03357852368	0.03357668237	0.0334536752	37.559801	37.486757	37.475408	37.422596	0.04811470343	0.04800678604	0.04799437752	0.04783600808
21	23.6140187	23.5109286	23.4973493	23.4275623	0.03362401151	0.03357875369	0.03357721864	0.03346244379	37.559801	37.494378	37.479659	37.430729	0.04811470343	0.04800600485	0.04800101289	0.0478588597
22	23.6074927	23.5128938	23.4996981	23.4371999	0.03361538595	0.0335691027	0.03356822457	0.03347107893	37.559801	37.492434	37.483283	37.437277	0.04811470343	0.04801836801	0.04800762538	0.04787821141
23	23.6178427	23.5272554	23.5132316	23.4535759	0.03362188102	0.03358656706	0.03358260127	0.03349884374	37.559801	37.499702	37.486388	37.443697	0.04811470343	0.04801625602	0.04801106368	0.04789597949
24	23.6037667	23.5158986	23.503339	23.4483017	0.03362648415	0.03359196819	0.03358946093	0.03351359523	37.559801	37.499778	37.48999	37.449011	0.04811470343	0.04802395673	0.04801652659	0.04791044734
25	23.6193207	23.5328241	23.521066	23.4673898	0.03362369769	0.03359146011	0.03359003412	0.03352327052	37.559801	37.502003	37.49246	37.454414	0.04811470343	0.04802853526	0.04802068133	0.04792695281
26	23.6150667	23.5347694	23.5230347	23.4715978	0.03362685671	0.03359226068	0.03358875095	0.03352284142	37.559801	37.504162	37.495381	37.459114	0.04811470343	0.04803180924	0.04802582001	0.04793990771
27	23.6241227	23.5456549	23.5335928	23.4854122	0.03362962064	0.03359816293	0.03359518393	0.03353863791	37.559801	37.509287	37.497384	37.462426	0.04811470343	0.04803321132	0.0480287947	0.04794853589
28	23.6009607	23.5252071	23.5146087	23.4686185	0.03361720996	0.03358466335	0.03357974796	0.03352426497	37.559801	37.511473	37.500061	37.467075	0.04811470343	0.04803569628	0.04803322348	0.04795844217
29	23.6071827	23.5327386	23.5228964	23.4796096	0.03362646426	0.03359796437	0.0335979262	0.03354922294	37.559801	37.512618	37.501592	37.469828	0.04811470343	0.04803820109	0.04803437241	0.04796447152
30	23.6131327	23.5424034	23.5332624	23.4912658	0.03360197353	0.0335733645	0.03357239834	0.03352806886	37.559801	37.513702	37.504192	37.473454	0.04811470343	0.04804284085	0.04803740489	0.04797247025
31	23.6114867	23.5449963	23.5360914	23.4960847	0.0336312453	0.03360586041	0.03360496781	0.03356341997	37.559801	37.512669	37.505582	37.475921	0.04811470343	0.04804448297	0.04803934841	0.04797810042
32	23.6153727	23.5503209	23.5408195	23.5011074	0.0336426082	0.0336173214	0.03361922279	0.03357868502	37.559801	37.513507	37.507045	37.478042	0.04811470343	0.04804747704	0.04804263335	0.04798612474
33	23.6142227	23.5490914	23.5399286	23.5034046	0.03363690285	0.03360742288	0.03360714867	0.03357077201	37.559801	37.516142	37.508878	37.481018	0.04811470343	0.04805014272	0.04804634238	0.04799254092
34	23.6108447	23.5490021	23.540214	23.5045777	0.03360730064	0.03358737462	0.03358593539	0.03355034184	37.559801	37.517863	37.51002	37.483771	0.04811470343	0.04805172552	0.04804856265	0.04799784882
35	23.6094787	23.5479666	23.5395045	23.5051501	0.03361274229	0.03358588609	0.03358524312	0.03355138345	37.559801	37.519078	37.511455	37.485703	0.04811470343	0.048053155	0.04805094762	0.04800099854
36	23.6116247	23.553474	23.5457792	23.51425	0.03363050881	0.03360750412	0.03360722596	0.03357294891	37.559801	37.51956	37.512456	37.48772	0.04811470343	0.04805460235	0.04805183664	0.04800728148
37	23.6087507	23.5508057	23.5430951	23.5110792	0.03362582861	0.03360303201	0.03360163809	0.0335734105	37.559801	37.522291	37.513713	37.489536	0.04811470343	0.04805863895	0.04805380095	0.04801026735
38	23.6100847	23.5529276	23.5456258	23.5138289	0.03360243316	0.03357894006	0.03357973064	0.0335501248	37.559801	37.523708	37.515314	37.491667	0.04811470343	0.04805491095	0.04805540002	0.04801409358
39	23.6103827	23.5548643	23.5477175	23.5181843	0.0336363044	0.03360971724	0.03360746042	0.03357971016	37.559801	37.522509	37.515665	37.492749	0.04811470343	0.04805887589	0.04805624199	0.04801565611
40	23.6068487	23.552164	23.5454357	23.5166925	0.03363959731	0.03361294684	0.03361197948	0.0335884008	37.559801	37.5238	37.517111	37.494835	0.04811470343	0.04806186658	0.04805873296	0.04802029638
41	23.6197827	23.5699193	23.5634567	23.5343882	0.03360401463	0.03358246953	0.0335818448	0.0335524295	37.559801	37.524419	37.518681	37.496066	0.04811470343	0.04806138804	0.04806055712	0.04802460222
42	23.6208847	23.5680512	23.5616736	23.533669	0.03365216661	0.03363029159	0.03363060338	0.03360534515	37.559801	37.526336	37.519928	37.49783	0.04811470343	0.0480608849	0.04806156786	0.04802716985
43	23.6126207	23.5641076	23.5581592	23.5320124	0.03362555557	0.03360463742	0.03360576383	0.03357821971	37.559801	37.526608	37.520556	37.499432	0.04811470343	0.04806638238	0.04806288832	0.04803017733
44	23.6013247	23.5532875	23.5475916	23.520696	0.03360031193	0.03357978317	0.03357999314	0.03355789941	37.559801	37.527965	37.521568	37.5008	0.04811470343	0.04806741816	0.04806587865	0.04803262506
45	23.6114167	23.5657491	23.5594849	23.5335883	0.03361690454	0.03360034767	0.03360054612	0.03357660286	37.559801	37.527493	37.521787	37.501629	0.04811470343	0.04807077203	0.04806701781	0.0480353553
46	23.6083767	23.5607451	23.5545428	23.5301085	0.03361975803	0.03360098114	0.0336017292	0.03357972288	37.559801	37.528653	37.522744	37.502855	0.04811470343	0.04806815451	0.04806746687	0.04803654861
47	23.6181527	23.5731601	23.5667453	23.5422687	0.03362414408	0.03360758743	0.03360733379	0.03358407321	37.559801	37.530463	37.523179	37.504021	0.04811470343	0.04806871663	0.04806806164	0.04803835947
48	23.6085467	23.5631181	23.5576673	23.5331919	0.03360822789	0.03359192294	0.03359176648	0.0335699494	37.559801	37.531263	37.523999	37.504877	0.04811470343	0.0480675678	0.04806912989	0.04804010167
49	23.6138967	23.5722252	23.5662041	23.5420125	0.03363123925	0.03361681476	0.03361874854	0.03359771824	37.559801	37.530976	37.524683	37.506095	0.04811470343	0.04806961549	0.04807048699	0.04804243531
50	23.6231787	23.5795473	23.5726955	23.5497164	0.03363202505	0.03361168089	0.03361207674	0.03359302725	37.559801	37.532199	37.525705	37.506512	0.04811470343	0.0480692598	0.04807209553	0.04804498304
51	23.6066987	23.5646446	23.558271	23.5364598	0.03361256814	0.03359704086	0.03359549105	0.03357695445	37.559801	37.533878	37.52641	37.507954	0.04811470343	0.04807211483	0.04807384534	0.04804787774
52	23.6150247	23.5725914	23.5668962	23.5463483	0.03362300944	0.03360453122	0.03360497864	0.03358686141	37.559801	37.533302	37.526946	37.508549	0.04811470343	0.04807362416	0.04807377131	0.04804952172
53	23.6094547	23.5695255	23.5639578	23.5435611	0.03361920934	0.03360536198	0.03360617801	0.03358883625	37.559801	37.533725	37.527474	37.509873	0.04811470343	0.04807500706	0.04807463375	0.04805130314
54	23.6056947	23.5683596	23.5637068	23.543467	0.03361443185	0.03360032992	0.03359864755	0.03358205572	37.559801	37.534688	37.528304	37.51019	0.04811470343	0.04807568061	0.04807508658	0.04805387043
55	23.6152447	23.5761083	23.570303	23.5514066	0.03360766675	0.03359000778	0.03358962398	0.03357046512	37.559801	37.534869	37.52887	37.510198	0.04811470343	0.04807630538	0.04807649246	0.04805503111
56	23.6006567	23.5640651	23.5588493	23.5384977	0.03361901736	0.03360584387	0.03360504796	0.03358589136	37.559801	37.534733	37.529499	37.511231	0.04811470343	0.04807723139	0.04807692792	0.04805537877
57	23.6017027	23.5627715	23.5579765	23.539325	0.03360931232	0.03359329188	0.03359307454	0.03357722472	37.559801	37.534725	37.529835	37.51141	0.04811470343	0.04807741615	0.04807781374	0.048056828
58	23.6107907	23.5747651	23.5694178	23.5516663	0.03361579857	0.03359990405	0.03359979078	0.03358390089	37.559801	37.535133	37.529634	37.511589	0.04811470343	0.04807752887	0.04807826064	0.04805809069
59	23.6094007	23.573736	23.56866	23.5501087	0.03364087063	0.03362493964	0.03362498478	0.0336076775	37.559801	37.53562	37.53026	37.512461	0.04811470343	0.04807832925	0.04807844076	0.04805976561
60	23.6139507	23.577872	23.5734466	23.5549977	0.0336099163	0.03359537614	0.03359590851	0.03358340117	37.559801	37.53568	37.530218	37.512331	0.04811470343	0.04807810359	0.0480798691	0.04806087249
61	23.6089687	23.5727542	23.5684547	23.5503308	0.03362240763	0.03360876229	0.03360856533	0.03359417679	37.559801	37.536546	37.531121	37.513044	0.04811470343	0.04807925832	0.04807940474	0.04806264016
62	23.6093827	23.5750512	23.5707287	23.553515	0.03361494275	0.03360053404	0.03360197108	0.03358645688	37.559801	37.536936	37.531541	37.51243	0.04811470343	0.04807944407	0.04808124842	0.04806452931
63	23.5967307	23.5643432	23.5597098	23.5419747	0.03362510227	0.03361565015	0.03361594717	0.03359709298	37.559801	37.537636	37.531874	37.513401	0.04811470343	0.04808035668	0.04808173199	0.04806625444
64	23.6091987	23.577708	23.5723775	23.5552947	0.03362100376	0.0336067582	0.03360782494	0.03359398505	37.559801	37.53742	37.532025	37.512901	0.04811470343	0.04808174053	0.04808182852	0.04806809747
65	23.5995587	23.5657667	23.5612356	23.5459574	0.03362144266	0.0336081093	0.03360763618	0.03359141448	37.559801	37.537641	37.532628	37.512922	0.04811470343	0.04808234645	0.04808244441	0.04806943761
66	23.6193287	23.5871234	23.5824769	23.5663668	0.03362008299	0.03360707049	0.03360786197	0.03359087839	37.559801	37.537462	37.533007	37.513024	0.04811470343	0.04808160889	0.04808324309	0.04806965376
67	23.6208707	23.5892053	23.5854438	23.5687998	0.03363397547	0.03362015445	0.0336216915	0.03360453252	37.559801	37.538199	37.533114	37.513174	0.04811470343	0.04808254074	0.04808324353	0.04807057824
68	23.6156987	23.5858806	23.5805932	23.5648018	0.03361196256	0.03359922165	0.03359822502	0.03358385432	37.559801	37.539398	37.533596	37.513554	0.04811470343	0.0480832461	0.0480836684	0.04807252311
69	23.6226207	23.5925404	23.5878934	23.5713576	0.03362157672	0.03360986959	0.03360928508	0.03359569154	37.559801	37.538332	37.534182	37.513328	0.04811470343	0.04808217952	0.0480840189	0.04807406588
70	23.6102227	23.5815674	23.5770966	23.5621418	0.03361901114	0.03360847895	0.03360749273	0.03359455654	37.559801	37.539882	37.534458	37.513214	0.04811470343	0.04808339764	0.04808533198	0.04807557436
71	23.6140587	23.5834427	23.5794659	23.5640857	0.03362989104	0.03361679723	0.03361697626	0.03360209273	37.559801	37.539361	37.535117	37.512411	0.04811470343	0.04808399586	0.04808560793	0.04807738769
72	23.6116787	23.583416	23.5800571	23.5647654	0.03362567272	0.03361576664	0.03361601206	0.03360387106	37.559801	37.54058	37.535053	37.512022	0.04811470343	0.04808478954	0.04808555107	0.04807952955
73	23.6087227	23.5787317	23.5748939	23.5607533	0.03362364858	0.03361230089	0.03361225026	0.033598099	37.559801	37.540371	37.535237	37.511799	0.04811470343	0.04808577807	0.04808646018	0.04808126854
74	23.6119907	23.5825602	23.5785439	23.5638035	0.03362218683	0.0336087137	0.03361010537	0.03359333036	37.559801	37.540566	37.535937	37.510845	0.04811470343	0.04808566983	0.04808723127	0.04808303384
75	23.6121147	23.5824866	23.5785321	23.5652752	0.03362390586	0.03361046444	0.03361122904	0.03359531565	37.559801	37.540978	37.536063	37.510176	0.04811470343	0.04808541387	0.04808765743	0.04808416522
76	23.6108767	23.5824657	23.5789462	23.5646551	0.03362910158	0.03361567254	0.03361573832	0.03360324569	37.559801	37.541091	37.536306	37.509533	0.04811470343	0.04808664693	0.04808755304	0.0480854762
77	23.6162027	23.589485	23.5858685	23.5726311	0.03363971589	0.03363125581	0.03363142549	0.03361757016	37.559801	37.54103	37.536755	37.508773	0.04811470343	0.04808602838	0.04808792935	0.04808643768
78	23.6100347	23.5822087	23.5789107	23.5648537	0.03361972379	0.03361092462	0.0336109256	0.0335943725	37.559801	37.541421	37.537041	37.508071	0.04811470343	0.04808804085	0.04808874519	0.04808941059
79	23.6102267	23.5813662	23.577868	23.5644382	0.03362333163	0.03361021482	0.03360968329	0.03359607934	37.559801	37.542306	37.53712	37.506926	0.04811470343	0.04808897415	0.04808895154	0.04809120042
80	23.6161187	23.5908071	23.5868654	23.5733957	0.03362937534	0.03361940869	0.03361912255	0.03360271751	37.559801	37.541933	37.537702	37.505691	0.04811470343	0.04808761965	0.04808930769	0.04809250964
81	23.6092767	23.5834307	23.5798711	23.5672466	0.03362003703	0.03361093726	0.033612181	0.03359851862	37.559801	37.542061	37.537953	37.504038	0.04811470343	0.04808802705	0.04808948747	0.04809395233
82	23.6011047	23.5772864	23.5735386	23.5610625	0.03362521505	0.03361460276	0.03361485282	0.03359703513	37.559801	37.542612	37.537838	37.502635	0.04811470343	0.04808859581	0.04809028218	0.04809583353
83	23.6133947	23.5871341	23.5840193	23.5703638	0.03362161019	0.03361090327	0.03361099275	0.03359434049	37.559801	37.542683	37.538139	37.500694	0.04811470343	0.04808861706	0.04809091186	0.04809671167
84	23.6008107	23.574885	23.5717774	23.5591584	0.03360517109	0.03359331498	0.03359312884	0.03357332207	37.559801	37.54367	37.538482	37.498592	0.04811470343	0.04808878158	0.04809138019	0.04809891708
85	23.6105787	23.5840186	23.5799705	23.5670614	0.03363517554	0.03362386049	0.03362281141	0.03360434295	37.559801	37.543118	37.538655	37.496782	0.04811470343	0.0480888069	0.04809130282	0.04810011333
86	23.5964067	23.5706518	23.5679048	23.5554634	0.03359149501	0.03358033172	0.03358015297	0.03355903266	37.559801	37.544074	37.539364	37.494382	0.04811470343	0.04809084836	0.04809162213	0.0481011477
87	23.6118547	23.5878207	23.5848745	23.571705	0.0336306784	0.03362295263	0.03362116946	0.0336007779	37.559801	37.544381	37.538955	37.49183	0.04811470343	0.04808944244	0.04809186305	0.04810181652
88	23.6058687	23.5811624	23.5779419	23.5664564	0.03361884481	0.03360932509	0.03361027373	0.03358985498	37.559801	37.543852	37.539757	37.489572	0.04811470343	0.04809026543	0.04809192028	0.04810392193
89	23.5989287	23.5756077	23.5724591	23.5612375	0.03362226368	0.03361193051	0.03361144423	0.03358910513	37.559801	37.544231	37.539813	37.486905	0.04811470343	0.04808993602	0.04809233284	0.0481046777
90	23.6183407	23.5956395	23.5925512	23.5815038	0.03362837563	0.03361940561	0.03361937699	0.03359822984	37.559801	37.543905	37.539976	37.483814	0.04811470343	0.04809034018	0.04809222409	0.04810637402
91	23.6110867	23.5882452	23.5853649	23.5729837	0.03360593423	0.03359673502	0.03359758443	0.03357003941	37.559801	37.544236	37.540267	37.480871	0.04811470343	0.04809189751	0.0480928939	0.04810821356
92	23.6123087	23.5895128	23.5861475	23.5734224	0.03362869456	0.03362101866	0.03362098213	0.03359507481	37.559801	37.544444	37.540365	37.477552	0.04811470343	0.0480914611	0.04809333411	0.04810850103
93	23.6050147	23.5810145	23.5785005	23.5662962	0.03360344176	0.03359321687	0.03359240795	0.03356172186	37.559801	37.544775	37.540255	37.474166	0.04811470343	0.04809194368	0.04809303021	0.04811087214
94	23.6107907	23.5873301	23.5844333	23.572462	0.03362272529	0.03361198952	0.03361258906	0.033583726	37.559801	37.545043	37.540379	37.47054	0.04811470343	0.04809189255	0.04809316145	0.04811134874
95	23.6078267	23.5857871	23.5826204	23.5713648	0.03362212832	0.03361006925	0.03360982611	0.03358024253	37.559801	37.544653	37.540572	37.466684	0.04811470343	0.04809159424	0.04809337282	0.0481122875
96	23.6127307	23.59081	23.5880605	23.5759671	0.0336196818	0.03361148676	0.03361192476	0.03358026909	37.559801	37.545	37.540875	37.462453	0.04811470343	0.04809177225	0.0480935403	0.04811340926
97	23.6082787	23.5860834	23.5830268	23.5712355	0.03363165477	0.03362180128	0.03362066662	0.03358799728	37.559801	37.545322	37.541264	37.458385	0.04811470343	0.04809306849	0.04809396349	0.04811559081
98	23.6029787	23.5815542	23.57867	23.5674276	0.03360734696	0.03359806308	0.03359925576	0.03356318645	37.559801	37.544906	37.54144	37.453548	0.04811470343	0.0480932037	0.04809369237	0.04811652526
99	23.6203647	23.5980706	23.5957386	23.5829265	0.03362561636	0.03361706397	0.03361564847	0.03357836119	37.559801	37.545798	37.540778	37.448975	0.04811470343	0.04809321653	0.04809290287	0.04811711999
100	23.5944687	23.5733944	23.5707306	23.5586058	0.03359619623	0.03358745271	0.03358653855	0.03354781667	37.559801	37.545332	37.541458	37.444194	0.04811470343	0.04809334683	0.04809456975	0.04811791579
