n	avgPP	avgPF	avgPT	avgPE	sdPP	sdPF	sdPT	sdPE	avgIP	avgIF	avgIT	avgIE	sdIP	sdIF	sdIT	sdIE
0	39.5569786	28.880646	28.880646	28.880646	0.03605750905	0.03359905693	0.03359905693	0.03359905693	48.979274	45	45	45	0.03883417712	0	0	0
1	39.5373126	37.5158824	37.0971173	34.632821	0.03604554868	0.03572369873	0.03488346016	0.03002789173	48.979274	48.370276	48.235797	46.63175	0.03883417712	0.03648046282	0.03541504292	0.02661080157
2	39.5511306	38.3939502	38.2203286	36.6124542	0.0361005536	0.03592126612	0.03565637444	0.0317016117	48.979274	48.642858	48.587574	47.658038	0.03883417712	0.03759351734	0.037260344	0.03171826959
3	39.5437666	38.7386352	38.6337773	37.6136754	0.03605417764	0.03592203147	0.03579561291	0.03306094449	48.979274	48.739668	48.712697	48.194886	0.03883417712	0.03800019133	0.03783891383	0.03453776759
4	39.5573086	38.934761	38.8627874	38.1903162	0.03606666065	0.03595891577	0.03589128768	0.03398090378	48.979274	48.79553	48.775506	48.431778	0.03883417712	0.03819902938	0.03809757643	0.03594543527
5	39.5445846	39.0336705	38.9783872	38.5146288	0.0360682369	0.03597767645	0.03592961801	0.03464800513	48.979274	48.830565	48.816908	48.632032	0.03883417712	0.03831962045	0.03825326192	0.03692949127
6	39.5388766	39.1172888	39.0722602	38.7398044	0.03606526525	0.03600430279	0.0359683658	0.03507487837	48.979274	48.859892	48.841858	48.687996	0.03883417712	0.03840278551	0.03834839631	0.03738286945
7	39.5492306	39.1807448	39.145105	38.8917057	0.03607488311	0.03600627235	0.03598404613	0.03535729026	48.979274	48.873992	48.86017	48.761373	0.03883417712	0.0384599622	0.03841917716	0.03775161282
8	39.5490626	39.2275382	39.1949221	38.9958353	0.03606805152	0.03601290099	0.03599669957	0.03554392206	48.979274	48.882938	48.873749	48.807657	0.03883417712	0.03850388848	0.0384709165	0.03801865112
9	39.5318906	39.2456644	39.2173641	39.0557265	0.03606746301	0.03601808173	0.03600254851	0.03567298045	48.979274	48.895296	48.885089	48.835345	0.03883417712	0.03854092377	0.03851271868	0.03818597923
10	39.5416606	39.2788931	39.2533074	39.1154768	0.03609902709	0.03604600666	0.03603635908	0.03577632589	48.979274	48.902339	48.893206	48.851092	0.03883417712	0.03856687475	0.03854283162	0.03827576653
11	39.5532286	39.3162161	39.293414	39.1773198	0.03605283021	0.03600969196	0.03599933817	0.03580850472	48.979274	48.909749	48.90124	48.866242	0.03883417712	0.03859183904	0.03857156302	0.03836663408
12	39.5516086	39.3316482	39.3113957	39.2115228	0.03607173594	0.03603245713	0.03602486305	0.03587932702	48.979274	48.913318	48.907693	48.878912	0.03883417712	0.03861378497	0.03859258097	0.03842351776
13	39.5394786	39.3409152	39.3224129	39.2328251	0.03604707728	0.03601513276	0.03600838712	0.03588507375	48.979274	48.919728	48.914261	48.888699	0.03883417712	0.03862775373	0.03861248034	0.03846835813
14	39.5533186	39.3647001	39.3484938	39.2676029	0.0360571089	0.03602568626	0.03602064713	0.03591329223	48.979274	48.923489	48.918462	48.895281	0.03883417712	0.03864363725	0.03862537612	0.03850195009
15	39.5434846	39.3660419	39.3501728	39.2753282	0.03607703786	0.03604565649	0.03604135672	0.03596151564	48.979274	48.928191	48.923172	48.902538	0.03883417712	0.0386519445	0.03864100845	0.03853196186
16	39.5394766	39.3737644	39.3594808	39.2921649	0.03607437893	0.03604550276	0.03603906226	0.03596288604	48.979274	48.933156	48.926192	48.906861	0.03883417712	0.03866548891	0.038652529	0.03855828885
17	39.5518126	39.3967229	39.3828906	39.3220797	0.03608765574	0.03605599586	0.036051232	0.03598810085	48.979274	48.934141	48.927794	48.911613	0.03883417712	0.03867565236	0.03866289062	0.03858048238
18	39.5470506	39.400719	39.3893686	39.3296508	0.03607141877	0.03604858112	0.03604417271	0.03598911632	48.979274	48.93755	48.930634	48.915012	0.03883417712	0.03868083878	0.03867403231	0.03859657186
19	39.5455866	39.4038802	39.3928974	39.3373761	0.03606902644	0.03604261709	0.0360411696	0.03598350942	48.979274	48.937498	48.934126	48.919449	0.03883417712	0.0386914002	0.03868150362	0.03861341678
20	39.5432526	39.4106225	39.3988962	39.348268	0.03607349981	0.03605033159	0.0360473107	0.03600040687	48.979274	48.939785	48.935678	48.92212	0.03883417712	0.03869790888	0.03868887716	0.03862426024
21	39.5521886	39.4234136	39.412462	39.3651043	0.03609427973	0.03606957439	0.0360654951	0.03602519982	48.979274	48.942684	48.93756	48.924067	0.03883417712	0.03870065919	0.03869541917	0.03863593203
22	39.5559866	39.4347811	39.4241702	39.3789628	0.03608715701	0.03606477528	0.03606375684	0.03602676149	48.979274	48.942339	48.939398	48.927352	0.03883417712	0.03871227077	0.03870340458	0.03864839493
23	39.5403286	39.4246463	39.4151813	39.3713254	0.03609079882	0.03607276078	0.03607240164	0.03603483065	48.979274	48.947187	48.941377	48.929346	0.03883417712	0.03871741355	0.03871122394	0.03865852232
24	39.5532786	39.442444	39.4336312	39.3931519	0.03608335454	0.03606369436	0.0360613845	0.03603149816	48.979274	48.94786	48.943268	48.931651	0.03883417712	0.03872480265	0.03871696584	0.038667496
25	39.5478566	39.4403785	39.4318446	39.3923781	0.03607548102	0.03605290108	0.03605188547	0.03602540316	48.979274	48.948985	48.944594	48.933969	0.03883417712	0.03872821651	0.03872236739	0.0386759509
26	39.5379686	39.4335686	39.4260871	39.3907781	0.03608581776	0.03607418022	0.0360722041	0.03604932198	48.979274	48.950094	48.946019	48.935689	0.03883417712	0.03873274668	0.03872504856	0.03868275379
27	39.5434966	39.443678	39.4350644	39.4004836	0.03605413683	0.0360319143	0.03602940608	0.03600753932	48.979274	48.95048	48.946656	48.937144	0.03883417712	0.0387381227	0.03873015263	0.03869040312
28	39.5462106	39.4490873	39.4415227	39.4087708	0.03608647671	0.03606695129	0.03606356946	0.03604225541	48.979274	48.951877	48.947583	48.937852	0.03883417712	0.03874008586	0.03873237891	0.03869472622
29	39.5454266	39.453789	39.4459537	39.4139692	0.03605692911	0.03603538505	0.03603336403	0.0360131761	48.979274	48.95121	48.948553	48.939508	0.03883417712	0.03874258403	0.03873731251	0.03869969491
30	39.5510906	39.4603009	39.4521578	39.421455	0.03607514177	0.03606178414	0.03605957127	0.03604051973	48.979274	48.953621	48.949082	48.94051	0.03883417712	0.03874404847	0.03873944507	0.03870526896
31	39.5620866	39.4733084	39.4654892	39.4348721	0.03607564266	0.03606049738	0.03605887159	0.03603819293	48.979274	48.952996	48.949768	48.941469	0.03883417712	0.0387488967	0.038742229	0.03870975474
32	39.5427326	39.460517	39.4524839	39.4241544	0.03605580192	0.0360439466	0.03604398453	0.03602280376	48.979274	48.95451	48.951671	48.943016	0.03883417712	0.03875161654	0.03874601807	0.03871411672
33	39.5489926	39.465959	39.4594177	39.4308731	0.0360706531	0.03605928836	0.03605624027	0.03603964433	48.979274	48.95661	48.951873	48.943719	0.03883417712	0.03875052787	0.03874839793	0.03871652261
34	39.5552646	39.4757517	39.4692336	39.4422159	0.03606277164	0.03604836983	0.03604516183	0.03603523784	48.979274	48.956693	48.953184	48.943671	0.03883417712	0.03875614655	0.03875134727	0.03872215626
35	39.5519926	39.4758321	39.4685267	39.4428706	0.03609080816	0.0360780168	0.03607722665	0.03606094402	48.979274	48.955809	48.953563	48.945054	0.03883417712	0.03875900318	0.03875384987	0.03872415731
36	39.5532106	39.4798694	39.4733228	39.4501315	0.03604902223	0.03603780171	0.03603620597	0.03602409155	48.979274	48.956426	48.953972	48.946595	0.03883417712	0.03876232524	0.03875744116	0.03872973358
37	39.5545906	39.4819361	39.47672	39.4524252	0.0360748407	0.03606191816	0.03606247544	0.03604244323	48.979274	48.956409	48.95468	48.947188	0.03883417712	0.03876229548	0.03875793688	0.03873207856
38	39.5435946	39.4727875	39.466515	39.444126	0.03605839414	0.03603994587	0.03604052062	0.03602461055	48.979274	48.957055	48.95559	48.94878	0.03883417712	0.03876413703	0.03876127957	0.03873461558
39	39.5525266	39.4836136	39.4778544	39.4546321	0.03607776385	0.03606691668	0.03606788935	0.0360536381	48.979274	48.957684	48.955876	48.949349	0.03883417712	0.03876624877	0.03876211819	0.03873644383
40	39.5506746	39.4824854	39.4775097	39.4547788	0.03606952163	0.0360527399	0.03605225421	0.03604092287	48.979274	48.958386	48.957093	48.950152	0.03883417712	0.03876821237	0.03876485033	0.03873924961
41	39.5609326	39.495422	39.4906111	39.4689757	0.03604834155	0.03603858108	0.03603852043	0.03602469877	48.979274	48.95882	48.957099	48.949753	0.03883417712	0.03876910735	0.0387655824	0.03874233597
42	39.5426246	39.4770475	39.4722904	39.4506854	0.03608710383	0.03607693664	0.0360769503	0.03606552289	48.979274	48.960415	48.958116	48.951226	0.03883417712	0.03877104756	0.03876735816	0.03874380481
43	39.5415886	39.4797893	39.4742741	39.4542222	0.03606925354	0.03606091864	0.03606126851	0.03605179208	48.979274	48.961457	48.958289	48.951838	0.03883417712	0.03877242537	0.03876961156	0.03874875809
44	39.5493486	39.4880253	39.4830373	39.4634137	0.0360777895	0.03607010356	0.03606923756	0.03606239292	48.979274	48.962537	48.958417	48.951833	0.03883417712	0.03877331709	0.03877040052	0.03874926671
45	39.5458826	39.4857033	39.4813935	39.4619055	0.03607405506	0.03606379342	0.03606418972	0.03605476764	48.979274	48.961977	48.958975	48.952655	0.03883417712	0.03877538271	0.03877249287	0.03875245703
46	39.5523506	39.4934921	39.4884941	39.4689344	0.03608245871	0.03606959762	0.03607013387	0.03605891832	48.979274	48.961649	48.959289	48.952176	0.03883417712	0.03877551344	0.0387741008	0.03875369732
47	39.5524286	39.4961739	39.4920096	39.4742746	0.03605324725	0.03604382627	0.03604365007	0.03603434505	48.979274	48.963031	48.959944	48.953234	0.03883417712	0.0387767658	0.03877456635	0.03875701651
48	39.5521586	39.4954729	39.4902211	39.4722679	0.03608067992	0.03607338554	0.03607339811	0.03606414026	48.979274	48.963281	48.961059	48.954031	0.03883417712	0.03877765556	0.03877643492	0.03875799436
49	39.5422986	39.4883941	39.4841853	39.4669986	0.0360417998	0.03603425546	0.0360356864	0.03602868032	48.979274	48.962589	48.960717	48.954454	0.03883417712	0.0387787587	0.03877774408	0.03875967713
50	39.5448286	39.4914417	39.4877737	39.4713505	0.03607464718	0.03606300673	0.03606435835	0.03605663555	48.979274	48.964093	48.961233	48.954325	0.03883417712	0.03878161375	0.03877762829	0.0387598212
51	39.5371986	39.4827606	39.4789476	39.4617541	0.03607802001	0.03606676195	0.03606648044	0.03605626491	48.979274	48.963194	48.961364	48.954989	0.03883417712	0.03878066504	0.0387787257	0.03876174188
52	39.5453286	39.493823	39.4893479	39.4733154	0.0360848607	0.03607623598	0.03607640898	0.03606688067	48.979274	48.96413	48.961491	48.955466	0.03883417712	0.03878236349	0.03878008686	0.0387635662
53	39.5506626	39.501113	39.4967949	39.4806701	0.03606486488	0.03605372982	0.03605288454	0.03604795303	48.979274	48.96409	48.961961	48.955429	0.03883417712	0.03878513155	0.03878084537	0.0387644372
54	39.5415326	39.4907347	39.4870808	39.4717712	0.03608371169	0.03607232596	0.03607015291	0.03606164763	48.979274	48.964603	48.961792	48.955208	0.03883417712	0.03878446998	0.03878290397	0.03876597568
55	39.5521986	39.5030048	39.498274	39.4833731	0.03609254214	0.03608341531	0.03608201842	0.0360711388	48.979274	48.965092	48.96232	48.955699	0.03883417712	0.03878700911	0.03878306523	0.0387671942
56	39.5442966	39.4972912	39.4929905	39.4774594	0.03608029872	0.03607285401	0.03607190089	0.03606442731	48.979274	48.965788	48.963265	48.956466	0.03883417712	0.03878594854	0.03878457237	0.03876909598
57	39.5590166	39.5105768	39.5070782	39.4908887	0.0360526015	0.03604036818	0.03604062783	0.0360298423	48.979274	48.965512	48.963518	48.956503	0.03883417712	0.03878768127	0.03878530343	0.0387718374
58	39.5502206	39.5031073	39.4992809	39.4847128	0.03607013711	0.03606112172	0.03606182822	0.03605366772	48.979274	48.965677	48.963521	48.956412	0.03883417712	0.03878870586	0.03878596502	0.038771606
59	39.5558046	39.5099089	39.5060594	39.4900079	0.03606829241	0.03606438916	0.0360624581	0.03605686039	48.979274	48.965821	48.963746	48.956931	0.03883417712	0.03879007614	0.03878675497	0.03877382113
60	39.5558646	39.5118743	39.5084221	39.4955472	0.03605841713	0.03605414694	0.03605417933	0.03604625256	48.979274	48.966647	48.964329	48.957368	0.03883417712	0.03879155124	0.03878810339	0.03877509517
61	39.5472366	39.5025117	39.4994099	39.4854472	0.03609747724	0.03608945516	0.03608968452	0.03608377194	48.979274	48.966713	48.964131	48.957308	0.03883417712	0.03879021688	0.038788287	0.0387760904
62	39.5590246	39.5157426	39.5123826	39.4993865	0.03608488078	0.03607859884	0.03607801892	0.0360732543	48.979274	48.966554	48.964254	48.957985	0.03883417712	0.03879127874	0.03878911634	0.03877791418
63	39.5482706	39.5043053	39.5010038	39.4881249	0.03609063491	0.03608321148	0.03608272976	0.03607288885	48.979274	48.966857	48.965042	48.958041	0.03883417712	0.03879317414	0.03879006708	0.03877918512
64	39.5402306	39.498408	39.4950784	39.482068	0.03607064438	0.03606303182	0.03606148493	0.03605428506	48.979274	48.96734	48.964616	48.958	0.03883417712	0.03879346245	0.03879102227	0.03878032788
65	39.5481166	39.5057706	39.5033242	39.489183	0.03610562342	0.03610308235	0.0361024387	0.0360942856	48.979274	48.968154	48.965178	48.95789	0.03883417712	0.038792634	0.03879233947	0.03878056378
66	39.5496746	39.5100192	39.5065614	39.4943155	0.03606477549	0.03605750408	0.03605782569	0.03604961215	48.979274	48.967408	48.965346	48.958135	0.03883417712	0.03879501528	0.0387927932	0.03878148203
67	39.5504506	39.5092801	39.5065988	39.4945555	0.0360686656	0.03606089318	0.03605934868	0.03605379412	48.979274	48.968189	48.965812	48.958135	0.03883417712	0.03879584485	0.038794249	0.03878250003
68	39.5269846	39.4878788	39.4846404	39.4726659	0.03609644605	0.0360908037	0.03609080292	0.03608622654	48.979274	48.967872	48.965836	48.957951	0.03883417712	0.0387962988	0.03879449239	0.03878411462
69	39.5547126	39.515847	39.5129241	39.5011226	0.03608949973	0.03608705832	0.0360868195	0.03607898921	48.979274	48.96827	48.965389	48.957334	0.03883417712	0.03879483859	0.03879529914	0.0387850177
70	39.5391066	39.5023687	39.4999385	39.4877876	0.03607426199	0.03606634443	0.03606631517	0.03606095728	48.979274	48.967343	48.965605	48.957784	0.03883417712	0.03879796837	0.03879599085	0.03878692623
71	39.5461426	39.5079226	39.5049389	39.4929011	0.03607905197	0.03607177713	0.03606963028	0.03606305068	48.979274	48.968334	48.965861	48.957219	0.03883417712	0.03879855042	0.03879657941	0.0387867792
72	39.5398126	39.5030859	39.5002151	39.4892727	0.03609371896	0.03608896872	0.03608906865	0.0360830473	48.979274	48.969471	48.966419	48.956823	0.03883417712	0.03879748193	0.03879680981	0.03878827097
73	39.5463046	39.5092455	39.5066359	39.4960381	0.03608156538	0.0360773451	0.0360753763	0.03607022557	48.979274	48.967775	48.966311	48.956609	0.03883417712	0.03880013487	0.03879836263	0.0387896664
74	39.5495726	39.5124901	39.508927	39.4973546	0.03605734522	0.03605052155	0.03605078505	0.03604220084	48.979274	48.968569	48.96619	48.956294	0.03883417712	0.03880032787	0.03879967964	0.03879084668
75	39.5593726	39.5222722	39.519518	39.5094123	0.03606624963	0.03606225974	0.03606192865	0.03605493721	48.979274	48.969678	48.96646	48.955347	0.03883417712	0.03879857573	0.03879962876	0.03879099549
76	39.5446366	39.5088864	39.5052973	39.4953612	0.03608496811	0.03607717981	0.03607677972	0.03606833289	48.979274	48.968376	48.966797	48.955108	0.03883417712	0.03880152749	0.03879970239	0.03879186706
77	39.5535806	39.5194636	39.5168186	39.506447	0.03606507812	0.03606342871	0.036062734	0.0360530792	48.979274	48.969224	48.966474	48.95429	0.03883417712	0.03880080429	0.03880025851	0.03879346023
78	39.5573646	39.5213213	39.5186183	39.5085361	0.03606789994	0.03606589837	0.03606442692	0.03605784682	48.979274	48.969137	48.966407	48.954449	0.03883417712	0.03880239223	0.03880098328	0.03879376174
79	39.5547186	39.5213928	39.5182287	39.5080002	0.03607234837	0.03606737284	0.03606679462	0.03605827808	48.979274	48.969312	48.966903	48.953718	0.03883417712	0.03880304406	0.03880163361	0.03879411506
80	39.5596086	39.5272357	39.5251168	39.5151009	0.03607305206	0.03607031155	0.03606993955	0.0360595417	48.979274	48.970193	48.966952	48.952521	0.03883417712	0.03880133664	0.03880256843	0.03879477173
81	39.5446586	39.5102601	39.5077464	39.497625	0.03606083507	0.03605290448	0.03605383983	0.03604476515	48.979274	48.969009	48.966976	48.95179	0.03883417712	0.03880335455	0.03880270731	0.03879505321
82	39.5441306	39.5098303	39.5068576	39.4971187	0.03603399126	0.03602816065	0.03602627562	0.03601421292	48.979274	48.969567	48.967324	48.951323	0.03883417712	0.03880255967	0.03880308584	0.03879579952
83	39.5404406	39.5085471	39.5052759	39.4953832	0.0360989664	0.03608995298	0.03608950953	0.03607867999	48.979274	48.969859	48.966951	48.949968	0.03883417712	0.03880236204	0.03880329407	0.03879599822
84	39.5484906	39.517125	39.5145077	39.504289	0.03609842162	0.0360973047	0.03609684978	0.03608557203	48.979274	48.96965	48.967493	48.94867	0.03883417712	0.03880499004	0.03880419089	0.03879683446
85	39.5483886	39.5164388	39.5138723	39.5050102	0.03607054481	0.03606631533	0.0360652827	0.03605229649	48.979274	48.970752	48.967347	48.947618	0.03883417712	0.0388039739	0.03880516734	0.03879802053
86	39.5483246	39.5165545	39.5141654	39.5049827	0.03607553205	0.03606975871	0.03606836663	0.0360550609	48.979274	48.969525	48.967446	48.946583	0.03883417712	0.03880618192	0.0388046849	0.03879858519
87	39.5375506	39.5068357	39.5041379	39.4958562	0.03608354537	0.03607860595	0.03607826335	0.03606547672	48.979274	48.970833	48.968191	48.945218	0.03883417712	0.03880504862	0.03880544405	0.038799764
88	39.5516706	39.5194592	39.5174759	39.5077842	0.03606520427	0.03605582937	0.0360553221	0.03604029612	48.979274	48.969308	48.968191	48.943498	0.03883417712	0.03880645048	0.03880514974	0.03880028829
89	39.5559906	39.5259025	39.5230636	39.5138355	0.03609649479	0.03609036957	0.03608934127	0.03607380429	48.979274	48.970925	48.968364	48.942175	0.03883417712	0.03880537042	0.03880530229	0.03880023471
90	39.5392086	39.509488	39.5070926	39.4986959	0.03608595091	0.03608179253	0.0360817977	0.03606555295	48.979274	48.96978	48.968354	48.940131	0.03883417712	0.03880687985	0.03880595454	0.03880035577
91	39.5463406	39.5171045	39.5147762	39.5065132	0.03605762472	0.03605061666	0.03605009562	0.03603403955	48.979274	48.970905	48.968358	48.938528	0.03883417712	0.03880672462	0.03880578785	0.03880055183
92	39.5468166	39.5165736	39.5139795	39.5053932	0.0360598628	0.03605381604	0.03605332431	0.03603315858	48.979274	48.969984	48.968595	48.936148	0.03883417712	0.03880826188	0.03880645863	0.03880110874
93	39.5491766	39.5202861	39.5188537	39.5101823	0.03604715458	0.03604206661	0.03604103413	0.0360211565	48.979274	48.971249	48.968453	48.934447	0.03883417712	0.03880760792	0.03880691623	0.03880151026
94	39.5477686	39.5184308	39.5159785	39.5078953	0.03605638135	0.03605022867	0.03604948931	0.03602702467	48.979274	48.970552	48.968325	48.932237	0.03883417712	0.03880753518	0.03880705898	0.03880097925
95	39.5401006	39.5111031	39.5084408	39.5006838	0.0360750526	0.03607300432	0.03607221518	0.03605027632	48.979274	48.971339	48.968332	48.929822	0.03883417712	0.03880796187	0.03880743373	0.03880127716
96	39.5700546	39.5431944	39.5409771	39.5318665	0.03606945816	0.03606247294	0.03606313316	0.03603963361	48.979274	48.970196	48.968539	48.927445	0.03883417712	0.03880728676	0.0388071529	0.03880148803
97	39.5576326	39.5295757	39.5277618	39.5186634	0.03606354481	0.03606119219	0.03606127218	0.03603525187	48.979274	48.972313	48.968762	48.924766	0.03883417712	0.03880789727	0.03880860563	0.03880089117
98	39.5495086	39.5225668	39.5208001	39.5118762	0.03608084641	0.03607749692	0.03607705223	0.03604983823	48.979274	48.970932	48.968869	48.922278	0.03883417712	0.03880768269	0.03880827835	0.03880193982
99	39.5465246	39.5181201	39.5154635	39.5068616	0.03608247215	0.03608000997	0.03607980824	0.03605118224	48.979274	48.971509	48.968835	48.919484	0.03883417712	0.03880827545	0.0388087139	0.03880284759
100	39.5578886	39.5318576	39.5294107	39.5211804	0.03606743041	0.03606242674	0.03606092654	0.03603094135	48.979274	48.971244	48.968963	48.916416	0.03883417712	0.0388077111	0.03880885476	0.03880298948
