NVLearning-Simulation.byPeriod.l50.b1.c0.9.txtn	avgPP	avgPF	avgPT	avgPE	sdPP	sdPF	sdPT	sdPE	avgIP	avgIF	avgIT	avgIE	sdIP	sdIF	sdIT	sdIE
0	6.6465291	3.861424	3.861424	3.861424	0.01141165597	0.009135579137	0.009135579137	0.009135579137	9.459359	8	8	8	0.01217457323	0	0	0
1	6.6568791	5.8674454	5.5762047	5.0911984	0.01142124347	0.01095325617	0.01037347298	0.009608278432	9.459359	9.040226	8.939523	8.757136	0.01217457323	0.01086035356	0.009632445811	0.007558921869
2	6.6549711	6.1892551	6.0464214	5.6472055	0.01141527378	0.01115668187	0.01092077169	0.009882366336	9.459359	9.217639	9.154626	8.918535	0.01217457323	0.01146234016	0.011044994	0.009141883807
3	6.6546471	6.3213203	6.226965	5.9389603	0.01141608088	0.01123293122	0.01111368797	0.01033910478	9.459359	9.292407	9.25373	9.128947	0.01217457323	0.01168569468	0.01144602095	0.0102027319
4	6.6529391	6.3950522	6.3252604	6.1113523	0.01142026912	0.01128720963	0.01121193786	0.01067290094	9.459359	9.339618	9.301836	9.262667	0.01217457323	0.01177047377	0.01164490852	0.01085166204
5	6.6567711	6.4423933	6.387011	6.2302877	0.01141938278	0.01131879934	0.01126059939	0.0107459662	9.459359	9.368837	9.32961	9.211253	0.01217457323	0.01187937794	0.01176293657	0.01099502991
6	6.6536531	6.4758526	6.4304647	6.3085507	0.01141844037	0.01132955747	0.01128780501	0.01094648144	9.459359	9.384694	9.349663	9.297203	0.01217457323	0.01189792543	0.01183771483	0.01137026645
7	6.6525991	6.4969371	6.4587205	6.3618064	0.01142564051	0.01134370155	0.01131058518	0.01103602002	9.459359	9.394179	9.364205	9.312656	0.01217457323	0.01194358918	0.01189121396	0.0114848338
8	6.6524331	6.5162265	6.4835027	6.4035646	0.01142527291	0.0113533435	0.01133166496	0.01112565522	9.459359	9.394505	9.374223	9.337254	0.01217457323	0.01198224743	0.01193307481	0.01167572102
9	6.6497151	6.5266822	6.4958424	6.4300668	0.01141900986	0.0113630293	0.01134386369	0.01118116386	9.459359	9.404378	9.382616	9.351572	0.01217457323	0.01199955571	0.01196445076	0.01173039498
10	6.6560051	6.5467625	6.5194618	6.4642571	0.01140425129	0.01134652947	0.01133376316	0.01121459564	9.459359	9.404925	9.388402	9.365139	0.01217457323	0.01201768503	0.01198738809	0.01183196772
11	6.6517071	6.5495842	6.5254857	6.4771986	0.01141242627	0.01136324256	0.01135223946	0.01125072392	9.459359	9.409578	9.394293	9.372934	0.01217457323	0.01203381894	0.01200550504	0.01186447188
12	6.6537451	6.5614806	6.5389061	6.4947601	0.01142100296	0.01137215244	0.01136157866	0.01127469646	9.459359	9.416354	9.398669	9.379869	0.01217457323	0.01203536608	0.01202051935	0.01191807192
13	6.6528431	6.5664366	6.5458631	6.5069402	0.01141712843	0.01137587157	0.01136275655	0.01129437128	9.459359	9.421314	9.402119	9.383878	0.01217457323	0.01205277491	0.01203338149	0.01193868175
14	6.6546411	6.5736945	6.5549032	6.5196211	0.01142588619	0.01138363523	0.0113762276	0.01131616034	9.459359	9.420225	9.405568	9.389419	0.01217457323	0.01206350748	0.01204496091	0.01196454786
15	6.6572071	6.5818558	6.563526	6.5334024	0.01141962727	0.01137346368	0.01136764236	0.0113176764	9.459359	9.421462	9.40822	9.392696	0.01217457323	0.0120627266	0.01205536145	0.01198211711
16	6.6561871	6.5870436	6.5709275	6.5414604	0.01141582602	0.01138230196	0.01137312352	0.01132593829	9.459359	9.429284	9.410935	9.396316	0.01217457323	0.01207018816	0.01206357395	0.01200354777
17	6.6609871	6.5937387	6.5780548	6.5514445	0.01141719952	0.01138017831	0.01137603014	0.01133473313	9.459359	9.424803	9.413252	9.399585	0.01217457323	0.01207497341	0.01207110817	0.01201758595
18	6.6565431	6.5927988	6.5782113	6.5530606	0.01142366251	0.01139137733	0.01138583638	0.01134992345	9.459359	9.430772	9.415977	9.402634	0.01217457323	0.0120802907	0.01207892171	0.01202882221
19	6.6547871	6.5958014	6.5818864	6.5589738	0.01141988929	0.01138654329	0.01138241258	0.01134917445	9.459359	9.429906	9.417616	9.406162	0.01217457323	0.01208721955	0.01208375414	0.01204048056
20	6.6530991	6.5958458	6.5825611	6.5605827	0.01142228918	0.01139408368	0.0113887155	0.01135897126	9.459359	9.431942	9.419219	9.407423	0.01217457323	0.01209742457	0.01208953111	0.01204880588
21	6.6578931	6.6025661	6.5893594	6.5698005	0.01142082888	0.01139493848	0.01139016376	0.0113625998	9.459359	9.432589	9.420686	9.409125	0.01217457323	0.01210011137	0.01209516324	0.01205754462
22	6.6616931	6.6101909	6.5981117	6.5781834	0.01141625422	0.01138899758	0.01138461247	0.01135754277	9.459359	9.436181	9.421773	9.410986	0.01217457323	0.01210246551	0.01209797209	0.01206488223
23	6.6554771	6.6064531	6.5943856	6.5759428	0.01142480579	0.01140185155	0.0113981489	0.0113754589	9.459359	9.438059	9.423524	9.412392	0.01217457323	0.01209506065	0.01210339018	0.01207150885
24	6.6553011	6.6085699	6.597325	6.5794742	0.01142304086	0.01140077845	0.01139585858	0.01137334983	9.459359	9.442151	9.42441	9.413538	0.01217457323	0.01209648606	0.01210696304	0.01207960837
25	6.6577571	6.6122306	6.6013998	6.5846026	0.01140928624	0.01138574756	0.01138173377	0.01136201106	9.459359	9.441654	9.425722	9.415394	0.01217457323	0.01210086982	0.01211038702	0.01208416408
26	6.6546111	6.6116283	6.6009444	6.5852278	0.01142361959	0.01140418887	0.01139662555	0.01137710912	9.459359	9.443607	9.426516	9.416122	0.01217457323	0.01210588569	0.01211331541	0.01208925466
27	6.6540911	6.6112227	6.6013997	6.5861992	0.01141318756	0.01139302556	0.01138915718	0.01137076152	9.459359	9.440763	9.427293	9.417848	0.01217457323	0.01210738169	0.01211644288	0.01209267062
28	6.6554271	6.61552	6.6049944	6.5913275	0.0114122376	0.01139151869	0.01138776067	0.01136942695	9.459359	9.44286	9.428136	9.418095	0.01217457323	0.01211493856	0.01211883545	0.0120963981
29	6.6575731	6.6183656	6.6086477	6.595315	0.01142607047	0.01140633461	0.01140284965	0.01138736851	9.459359	9.441984	9.428373	9.41857	0.01217457323	0.01211312291	0.01212102379	0.01210125576
30	6.6587571	6.6200883	6.61146	6.5981317	0.01142422731	0.01140589461	0.01140171232	0.01138537925	9.459359	9.443267	9.42906	9.419793	0.01217457323	0.01211867122	0.01212439394	0.01210497951
31	6.6545371	6.6177542	6.6091819	6.5964693	0.01142150255	0.01140374402	0.01139943225	0.01138166241	9.459359	9.442958	9.429891	9.420557	0.01217457323	0.01212250453	0.01212597796	0.01210796357
32	6.6561551	6.6209213	6.6131103	6.6005522	0.01142859618	0.01141165362	0.01140671143	0.01139455169	9.459359	9.445157	9.430387	9.421498	0.01217457323	0.01212151292	0.01212871856	0.01211203621
33	6.6523131	6.6170973	6.6085098	6.5966851	0.01142585724	0.01140767665	0.01140563736	0.01139292621	9.459359	9.444537	9.431142	9.422059	0.01217457323	0.01212441395	0.01213113003	0.01211593265
34	6.6563831	6.6224577	6.6139313	6.602831	0.01142817706	0.01141332042	0.01140883482	0.01139404614	9.459359	9.444993	9.431857	9.42237	0.01217457323	0.0121284047	0.01213220698	0.01211862275
35	6.6572371	6.6239268	6.6159308	6.6051482	0.01141357608	0.01139923878	0.01139553699	0.01138161531	9.459359	9.446292	9.432312	9.422678	0.01217457323	0.01212850625	0.01213478512	0.01212067923
36	6.6584131	6.626669	6.6194267	6.6088012	0.01141909045	0.01140771517	0.01140100335	0.01138768711	9.459359	9.44893	9.432883	9.423348	0.01217457323	0.01212632345	0.01213611799	0.01212311427
37	6.6551191	6.6232695	6.6161313	6.6058908	0.01142532576	0.01141244584	0.01140753691	0.0113947965	9.459359	9.449235	9.433237	9.424012	0.01217457323	0.01212863413	0.01213703679	0.01212587675
38	6.6584151	6.6279461	6.6206785	6.6105492	0.01143131715	0.01141915997	0.01141273141	0.01139950411	9.459359	9.449829	9.433845	9.423788	0.01217457323	0.01213239164	0.01213840072	0.01212806982
39	6.6533651	6.6240485	6.6162711	6.6073505	0.01142497483	0.01140988692	0.01140775549	0.01139931077	9.459359	9.444805	9.434319	9.424325	0.01217457323	0.01213306933	0.01214008595	0.01213143446
40	6.6552251	6.625822	6.619443	6.6095956	0.01142304886	0.01140692059	0.01140680767	0.01139368947	9.459359	9.44386	9.43479	9.423764	0.01217457323	0.01213276803	0.01214159522	0.01213368935
41	6.6567631	6.6280866	6.6209165	6.6116613	0.0114149471	0.01140081408	0.0113982727	0.01138597113	9.459359	9.447034	9.435165	9.424397	0.01217457323	0.01212911108	0.01214303077	0.01213683888
42	6.6513491	6.6247275	6.6176249	6.6082949	0.01141204085	0.01139730405	0.01139525721	0.01138376355	9.459359	9.447095	9.436141	9.424981	0.01217457323	0.01213079886	0.01214426319	0.01213790235
43	6.6486111	6.6215704	6.6150242	6.6064057	0.0114233263	0.01141038509	0.01140762158	0.0113966976	9.459359	9.447536	9.435878	9.424833	0.01217457323	0.0121332688	0.0121448573	0.01214024353
44	6.6505251	6.6244347	6.6187407	6.6092111	0.0114163078	0.01140477412	0.01140246334	0.01139014832	9.459359	9.447843	9.435863	9.424339	0.01217457323	0.01213609209	0.01214562751	0.01214221341
45	6.6572271	6.631965	6.6253566	6.6176453	0.01142063632	0.01140980712	0.01140670276	0.01139544884	9.459359	9.44877	9.436634	9.423897	0.01217457323	0.01213928177	0.01214679906	0.01214517613
46	6.6520731	6.6270592	6.6209005	6.6122431	0.01141576541	0.01140349596	0.01139983533	0.01138840623	9.459359	9.450048	9.436605	9.424359	0.01217457323	0.01214278121	0.01214805114	0.01214741508
47	6.6561031	6.6314047	6.6258144	6.6173189	0.01141769936	0.01140244165	0.01139945028	0.01138884155	9.459359	9.446343	9.437036	9.424061	0.01217457323	0.01214119612	0.01214873584	0.01214801923
48	6.6530871	6.6290179	6.6229092	6.615284	0.01141084416	0.0113991804	0.01139835886	0.01138799591	9.459359	9.447691	9.436868	9.42384	0.01217457323	0.0121378795	0.0121496362	0.01215034054
49	6.6610111	6.6367468	6.6310661	6.6229564	0.01141568008	0.01140285744	0.0114013099	0.01138939332	9.459359	9.448592	9.437129	9.423176	0.01217457323	0.01213711948	0.01215067213	0.01215156192
50	6.6577771	6.634464	6.628538	6.6218288	0.01141687321	0.01140562137	0.01140234348	0.01139146039	9.459359	9.44938	9.43766	9.423192	0.01217457323	0.01214124053	0.01215150433	0.01215414775
51	6.6515431	6.6281647	6.6231013	6.6149713	0.01142092631	0.01141014046	0.01140721884	0.01139466718	9.459359	9.449543	9.438017	9.423177	0.01217457323	0.01214417241	0.01215268891	0.01215506775
52	6.6489911	6.6270153	6.6211906	6.613819	0.01141426005	0.01140514006	0.01140425228	0.01139241323	9.459359	9.448717	9.438354	9.42265	0.01217457323	0.01214307785	0.01215317313	0.01215744591
53	6.6534651	6.6311792	6.6258821	6.6184877	0.0114196939	0.01140832533	0.01140789771	0.01139602589	9.459359	9.447708	9.438389	9.421793	0.01217457323	0.01214301924	0.01215369315	0.01215800151
54	6.6568831	6.6359758	6.6308531	6.624071	0.01141758036	0.01140673074	0.01140576209	0.01139354974	9.459359	9.448782	9.438819	9.42147	0.01217457323	0.01214387547	0.01215410229	0.01216038236
55	6.6524311	6.6315623	6.6268821	6.6194499	0.01142109585	0.01140954501	0.01140752648	0.01139602333	9.459359	9.448647	9.438789	9.420711	0.01217457323	0.01214751066	0.01215459825	0.01216333675
56	6.6544891	6.6335622	6.6290271	6.6218008	0.01140786855	0.01139562524	0.01139514319	0.01138182222	9.459359	9.449138	9.439139	9.420272	0.01217457323	0.01214426051	0.012155903	0.01216508607
57	6.6511631	6.6310498	6.625922	6.6182385	0.01141490591	0.01140297214	0.01140081976	0.0113887086	9.459359	9.450562	9.4393	9.419345	0.01217457323	0.01214327681	0.0121553957	0.01216626758
58	6.6539891	6.6339154	6.6290177	6.6222978	0.01141592115	0.01140533008	0.01140249909	0.01138989415	9.459359	9.450866	9.439493	9.418722	0.01217457323	0.01214594181	0.01215638098	0.01216930403
59	6.6561931	6.6364543	6.6320502	6.6253228	0.0114154241	0.01140640111	0.01140318748	0.0113886374	9.459359	9.451327	9.439358	9.417352	0.01217457323	0.0121461773	0.01215621533	0.01216954891
60	6.6554291	6.6356094	6.6313043	6.624022	0.01142450641	0.01141500727	0.01141176184	0.01139843684	9.459359	9.452266	9.440007	9.41654	0.01217457323	0.01214115729	0.01215745885	0.01217185107
61	6.6569251	6.6390977	6.6342217	6.6273994	0.01142017703	0.01141119203	0.01140787519	0.01139271322	9.459359	9.453073	9.440053	9.415786	0.01217457323	0.01214274025	0.01215802975	0.01217429929
62	6.6575851	6.6392036	6.6345008	6.6279058	0.01141981481	0.01141181886	0.01140984018	0.0113939435	9.459359	9.453164	9.440612	9.414702	0.01217457323	0.01214548833	0.01215845799	0.01217700046
63	6.6587231	6.6392695	6.6348154	6.6282152	0.01142105135	0.01140973905	0.01140844389	0.01139318731	9.459359	9.451915	9.440406	9.413608	0.01217457323	0.01214555467	0.01215931382	0.0121783882
64	6.6538931	6.6364774	6.632057	6.6257209	0.0114118575	0.01140267985	0.01140041374	0.01138552212	9.459359	9.450566	9.44061	9.412681	0.01217457323	0.01214735244	0.01215963106	0.01218034111
65	6.6577851	6.6409874	6.6359206	6.6296853	0.01141784007	0.0114059849	0.01140355832	0.01138797519	9.459359	9.450906	9.440794	9.411137	0.01217457323	0.01215029408	0.01216015263	0.01218253101
66	6.6556311	6.6387347	6.6346311	6.6275094	0.01142356988	0.01141512131	0.01141283787	0.01139695317	9.459359	9.451643	9.440799	9.409886	0.01217457323	0.0121481072	0.01216083887	0.01218437876
67	6.6551611	6.6385108	6.6344162	6.6272847	0.01142353041	0.01141625139	0.01141379474	0.01139445718	9.459359	9.452812	9.441178	9.408423	0.01217457323	0.01214860236	0.01216158702	0.0121866991
68	6.6542051	6.638321	6.6337539	6.6272774	0.01142022559	0.01141421788	0.01141230088	0.0113939046	9.459359	9.45243	9.441511	9.407106	0.01217457323	0.01215015201	0.01216224072	0.0121887339
69	6.6611011	6.6444597	6.6394639	6.6325918	0.01141437461	0.01140695755	0.01140518129	0.01138573371	9.459359	9.451713	9.441371	9.404962	0.01217457323	0.01214999254	0.01216205082	0.01219087897
70	6.6548711	6.6381557	6.6340463	6.6270173	0.01141725528	0.01141033316	0.01140981715	0.01138823577	9.459359	9.452093	9.441707	9.403837	0.01217457323	0.01215158703	0.01216300523	0.0121927804
71	6.6605611	6.6434134	6.6390099	6.6325815	0.0114260237	0.01141712766	0.01141448377	0.0113942029	9.459359	9.452546	9.441751	9.401915	0.01217457323	0.01215120942	0.0121634261	0.01219452399
72	6.6599271	6.6440381	6.6396223	6.6337114	0.01142354479	0.01141557438	0.01141307762	0.01139166081	9.459359	9.453109	9.441987	9.400326	0.01217457323	0.01215333204	0.012163306	0.01219722596
73	6.6553971	6.6390583	6.6353288	6.6283311	0.01142464998	0.01141770681	0.01141444769	0.01139206372	9.459359	9.452807	9.442092	9.398439	0.01217457323	0.01215186521	0.0121636187	0.01219912977
74	6.6500371	6.6341817	6.630617	6.6232891	0.01141856817	0.01141155058	0.01140934273	0.01138465783	9.459359	9.453653	9.44225	9.396139	0.01217457323	0.01215127642	0.01216394151	0.01220113266
75	6.6603991	6.6452508	6.6414325	6.6345557	0.01142004928	0.01141411044	0.01141248878	0.01138755258	9.459359	9.453092	9.442285	9.393693	0.01217457323	0.01215202435	0.01216456335	0.01220283747
76	6.6540431	6.6398761	6.6359181	6.6293817	0.01141584062	0.01140852361	0.01140673788	0.01138017187	9.459359	9.452729	9.442289	9.391633	0.01217457323	0.01215344398	0.01216466606	0.01220541076
77	6.6559151	6.6413025	6.6378181	6.6305451	0.011415695	0.01140857629	0.01140593402	0.0113782949	9.459359	9.452825	9.442309	9.389419	0.01217457323	0.01215375075	0.0121649178	0.0122068908
78	6.6562911	6.6407731	6.6373507	6.6302016	0.01141023814	0.01140359249	0.01140231164	0.01137489022	9.459359	9.452419	9.442743	9.387024	0.01217457323	0.01215436513	0.01216526104	0.01220872896
79	6.6497431	6.6355665	6.6317235	6.6249119	0.01141281136	0.0114056073	0.01140394403	0.01137272738	9.459359	9.453245	9.442995	9.384271	0.01217457323	0.01215429558	0.01216513548	0.01221015498
80	6.6498691	6.6360953	6.6321598	6.6257924	0.01142451183	0.01141940643	0.01141733315	0.01138519163	9.459359	9.453877	9.442762	9.381736	0.01217457323	0.01215382347	0.01216596714	0.01221189108
81	6.6536251	6.6392422	6.6357276	6.6287515	0.01141107029	0.01140476205	0.01140222271	0.011368689	9.459359	9.453398	9.442744	9.378855	0.01217457323	0.01215441668	0.01216692229	0.01221394043
82	6.6556491	6.640532	6.6366683	6.6292443	0.01141058806	0.01140239093	0.01140045275	0.01136593069	9.459359	9.45324	9.442867	9.376347	0.01217457323	0.0121548129	0.01216618502	0.01221534629
83	6.6516171	6.6383926	6.6343899	6.6271351	0.01141636192	0.01140872182	0.01140627325	0.01137047545	9.459359	9.455094	9.442851	9.373259	0.01217457323	0.01215182801	0.01216624883	0.01221680964
84	6.6622011	6.64951	6.6459791	6.6377921	0.01142169846	0.01141775602	0.01141380921	0.01137540395	9.459359	9.45524	9.443099	9.370529	0.01217457323	0.0121536259	0.01216639886	0.0122181706
85	6.6530951	6.6394588	6.63556	6.6287809	0.01141447993	0.01140923738	0.01140550831	0.01136473235	9.459359	9.455072	9.44304	9.367601	0.01217457323	0.0121539415	0.0121669431	0.01222011091
86	6.6531671	6.6399167	6.6367212	6.6287386	0.01142541953	0.01141917077	0.01141719581	0.01137478985	9.459359	9.454563	9.443348	9.364394	0.01217457323	0.01215384035	0.01216743359	0.01222195745
87	6.6560071	6.6421942	6.6387031	6.6309623	0.01142177262	0.01141471163	0.01141214999	0.01136754121	9.459359	9.453098	9.443379	9.361247	0.01217457323	0.01215431079	0.01216786795	0.0122238254
88	6.6542531	6.6404788	6.6368259	6.6288402	0.01141972026	0.01141201333	0.01141061549	0.01136508874	9.459359	9.452772	9.443631	9.357698	0.01217457323	0.01215591115	0.0121679681	0.01222503977
89	6.6515711	6.6376	6.6344626	6.6261866	0.01142380905	0.01141632532	0.01141559379	0.01136830591	9.459359	9.4529	9.443694	9.354314	0.01217457323	0.01215636686	0.01216804342	0.01222653286
90	6.6552511	6.6423262	6.638732	6.6303721	0.01141902999	0.01141098301	0.01140996406	0.01135968863	9.459359	9.452638	9.44392	9.350529	0.01217457323	0.01215689227	0.01216818697	0.01222780639
91	6.6559491	6.6433688	6.6393676	6.630734	0.01142338191	0.011416946	0.01141634521	0.01136392456	9.459359	9.453272	9.444064	9.3468	0.01217457323	0.01215628611	0.01216874768	0.012228663
92	6.6546411	6.6420597	6.6382815	6.6299266	0.01141664698	0.01140984771	0.01140790904	0.01135449933	9.459359	9.453793	9.444095	9.342914	0.01217457323	0.01215610098	0.01216915136	0.01223059897
93	6.6530211	6.6409898	6.6378695	6.6283008	0.01142463357	0.01141983444	0.01141670759	0.0113599717	9.459359	9.454442	9.444295	9.339032	0.01217457323	0.01215536108	0.01216924012	0.01223203766
94	6.6548471	6.6424327	6.6394234	6.6305892	0.01141332463	0.01140753746	0.01140549503	0.0113466224	9.459359	9.453603	9.444426	9.334868	0.01217457323	0.01215733379	0.0121697011	0.01223361102
95	6.6524571	6.6407191	6.6375331	6.6281023	0.01141457318	0.011408091	0.01140637125	0.01134518874	9.459359	9.454419	9.444459	9.331147	0.01217457323	0.01215660716	0.01217046873	0.01223484683
96	6.6544751	6.6420184	6.638577	6.6297493	0.01141791146	0.01141369282	0.01141055606	0.01134704743	9.459359	9.454696	9.44435	9.327077	0.01217457323	0.01215743747	0.01217016757	0.01223571764
97	6.6582111	6.6463292	6.6427157	6.6330718	0.01142565196	0.01142278518	0.01142025767	0.01135436174	9.459359	9.455308	9.444213	9.322642	0.01217457323	0.0121563784	0.01217034793	0.01223642287
98	6.6544431	6.6427141	6.6393731	6.6294864	0.01141853777	0.011414538	0.01141206647	0.01134329971	9.459359	9.454869	9.444499	9.318496	0.01217457323	0.01215740992	0.01217026268	0.01223775019
99	6.6530291	6.6406865	6.6379426	6.6282651	0.01141495672	0.0114085222	0.01140732231	0.01133530742	9.459359	9.454465	9.444634	9.314199	0.01217457323	0.0121566982	0.01217107498	0.01223806939
100	6.6527291	6.6410907	6.6376173	6.6274213	0.01142256845	0.01141800472	0.01141611724	0.01134133196	9.459359	9.454883	9.444457	9.309637	0.01217457323	0.01215555323	0.01217152702	0.01223947528
