n	avgPP	avgPF	avgPT	avgPE	sdPP	sdPF	sdPT	sdPE	avgIP	avgIF	avgIT	avgIE	sdIP	sdIF	sdIT	sdIE
0	7.501416	1.58558	1.58558	1.58558	0.01629899045	0.007594233684	0.007594233684	0.007594233684	17.166372	7	7	7	0.03267699082	0	0	0
1	7.50281	6.620676	5.259669	3.2137245	0.01629469528	0.01567225918	0.01308173945	0.007973537677	17.166372	15.95728	13.997274	9.561013	0.03267699082	0.03076023908	0.0228090006	0.00847213352
2	7.498552	7.003239	6.5929415	4.197829	0.01628779835	0.01594427572	0.0152829832	0.009182110956	17.166372	16.474646	15.924163	11.580186	0.03267699082	0.03168587009	0.02997804781	0.01303843009
3	7.506642	7.1606825	6.943905	4.9397335	0.01630050495	0.01604805922	0.01578675028	0.01025546932	17.166372	16.684781	16.395918	13.026691	0.03267699082	0.0319790329	0.03133181996	0.01672555861
4	7.496132	7.22913	7.0882085	5.4994125	0.01628543738	0.01609242604	0.01595785537	0.01076352565	17.166372	16.800088	16.603833	13.735829	0.03267699082	0.03216140525	0.03181597421	0.01900710065
5	7.505374	7.2894865	7.1867465	5.8970155	0.01629313461	0.01613979207	0.01606043048	0.01175605989	17.166372	16.866885	16.716825	14.577495	0.03267699082	0.0322486059	0.03204478467	0.02187124709
6	7.501756	7.318783	7.236108	6.2131435	0.01628658022	0.01616218542	0.01610769702	0.01231698989	17.166372	16.934614	16.791012	15.007315	0.03267699082	0.03229271221	0.03218702784	0.02346062008
7	7.510064	7.351406	7.2825185	6.4557025	0.01630538018	0.01619415364	0.01615820226	0.01306813511	17.166372	16.94988	16.841725	15.578969	0.03267699082	0.03236881465	0.03228020507	0.02531260215
8	7.506832	7.371243	7.313681	6.6550315	0.01629463413	0.01619015713	0.0161705338	0.01347019332	17.166372	16.971706	16.880634	15.774615	0.03267699082	0.03240984033	0.03234981907	0.02636067398
9	7.503444	7.3805475	7.330348	6.795989	0.01629427045	0.01620792568	0.01618871447	0.01401436467	17.166372	16.995747	16.910244	16.101146	0.03267699082	0.03243056114	0.03240055987	0.02774788232
10	7.508004	7.3965365	7.350544	6.914513	0.01629177255	0.0162117523	0.01620061926	0.01433465379	17.166372	17.008409	16.932412	16.229638	0.03267699082	0.03245921439	0.03243789683	0.02842881733
11	7.507404	7.4060905	7.3667525	7.0041595	0.01630175177	0.01622857078	0.01622112274	0.01469545173	17.166372	17.028297	16.951129	16.413367	0.03267699082	0.03247589651	0.03246730889	0.0293355743
12	7.50961	7.4162735	7.3791775	7.0805005	0.01629691097	0.01623441311	0.01622507761	0.01493484233	17.166372	17.042075	16.967175	16.510517	0.03267699082	0.03249362173	0.03249651749	0.02980890618
13	7.504704	7.4167785	7.383971	7.133211	0.01629707365	0.0162363772	0.01623059655	0.01513119288	17.166372	17.055505	16.980722	16.589514	0.03267699082	0.03249783679	0.03251640257	0.03021014251
14	7.506328	7.4268375	7.3954265	7.1824085	0.01629154948	0.01623392243	0.01622987444	0.01533476388	17.166372	17.060107	16.991437	16.679069	0.03267699082	0.0325200726	0.03253212577	0.03074024961
15	7.503136	7.428836	7.3992335	7.2161365	0.01629699259	0.01624425987	0.0162438889	0.01546984594	17.166372	17.067472	17.000887	16.727977	0.03267699082	0.03252095664	0.03254715356	0.03100341399
16	7.507794	7.4369445	7.408775	7.252978	0.01630334992	0.01625494311	0.01625432464	0.01559844669	17.166372	17.073913	17.009574	16.768396	0.03267699082	0.03253048835	0.0325626805	0.0312209024
17	7.504018	7.437796	7.4122275	7.2734485	0.0163144683	0.01626449181	0.01626588992	0.01571561538	17.166372	17.076936	17.016791	16.820117	0.03267699082	0.03254147494	0.03257221878	0.03152017897
18	7.50234	7.4403295	7.4147955	7.2949505	0.01628859631	0.01624373125	0.01624710244	0.01578933062	17.166372	17.075395	17.023287	16.841801	0.03267699082	0.03255614696	0.03258369312	0.03166640013
19	7.508726	7.448797	7.42447	7.316454	0.01629438476	0.01625266167	0.01625525436	0.01586239096	17.166372	17.08497	17.028484	16.868584	0.03267699082	0.03256098207	0.03259190284	0.03180314222
20	7.50221	7.4458915	7.4227275	7.326566	0.01630694173	0.01626841005	0.01626787238	0.01592709654	17.166372	17.090635	17.033911	16.890484	0.03267699082	0.03256315476	0.03260009733	0.03192189016
21	7.505748	7.4524725	7.429646	7.3435405	0.01628989229	0.0162510169	0.01625389926	0.01597123016	17.166372	17.092021	17.038884	16.913033	0.03267699082	0.03257242895	0.03260713946	0.03206091083
22	7.510134	7.457987	7.4362595	7.357906	0.01629611863	0.01625752553	0.01626298567	0.01601736813	17.166372	17.09599	17.042999	16.92652	0.03267699082	0.03257442779	0.03261456779	0.03213381747
23	7.504044	7.4541035	7.432948	7.360648	0.01629847234	0.01626185602	0.01626475764	0.01605025075	17.166372	17.100923	17.047652	16.941244	0.03267699082	0.0325801903	0.03261886731	0.03220126892
24	7.50697	7.4609335	7.440414	7.3739275	0.01629838652	0.01626687195	0.01626827946	0.01608211213	17.166372	17.103051	17.0511	16.952791	0.03267699082	0.0325825323	0.03262402825	0.03226392544
25	7.498394	7.4531985	7.4336865	7.37266	0.01629428639	0.01626703671	0.01627078139	0.01611058392	17.166372	17.105553	17.054625	16.962396	0.03267699082	0.03258550452	0.03262907728	0.03231603896
26	7.50506	7.4628595	7.4440235	7.386816	0.01629862163	0.01626708405	0.01627291606	0.01613170825	17.166372	17.108279	17.057275	16.971544	0.03267699082	0.03258635812	0.03263356255	0.03235587619
27	7.502678	7.4606695	7.442702	7.3882925	0.01629148851	0.01626233541	0.01626766784	0.01613816719	17.166372	17.109527	17.060444	16.979137	0.03267699082	0.03258937303	0.03263736277	0.03239147134
28	7.502514	7.4614375	7.444565	7.394697	0.01630115584	0.01627113748	0.01627656441	0.01615687315	17.166372	17.109715	17.06303	16.984766	0.03267699082	0.03259577186	0.03264091204	0.03241728593
29	7.501932	7.462072	7.444309	7.3980655	0.01628280735	0.01625443643	0.01626011763	0.01615444051	17.166372	17.113148	17.06535	16.991431	0.03267699082	0.03259805936	0.0326442753	0.03244137562
30	7.507356	7.4693775	7.4525255	7.406278	0.01629171053	0.01626586032	0.01627087579	0.01617510604	17.166372	17.115843	17.067263	16.996716	0.03267699082	0.03260389194	0.03264761275	0.03246020728
31	7.500868	7.464144	7.4480415	7.4054015	0.01629098275	0.01626656267	0.01627384801	0.01618617516	17.166372	17.11712	17.070043	17.002019	0.03267699082	0.03260251814	0.03265171821	0.03247814506
32	7.505976	7.4695285	7.45385	7.413239	0.01629945291	0.01627492408	0.01628060313	0.01619796887	17.166372	17.118617	17.071748	17.00581	0.03267699082	0.03260546085	0.03265411234	0.03249339696
33	7.507496	7.472918	7.4578565	7.417902	0.01629279634	0.0162709843	0.01627796669	0.01620058482	17.166372	17.118976	17.073321	17.009892	0.03267699082	0.03260848045	0.03265711397	0.03250844438
34	7.505074	7.472252	7.456071	7.4198355	0.01629781455	0.01627565413	0.01628139719	0.01620877787	17.166372	17.12118	17.075162	17.014467	0.03267699082	0.03260970934	0.03265971015	0.03252132532
35	7.508324	7.4749005	7.4602735	7.4249455	0.01629667655	0.01627692874	0.01628203812	0.01621799836	17.166372	17.122953	17.076743	17.017923	0.03267699082	0.03261283187	0.03266102146	0.0325337225
36	7.50681	7.474416	7.4604585	7.427231	0.01630719268	0.01628524836	0.01629152823	0.01623416731	17.166372	17.123064	17.078637	17.022718	0.03267699082	0.03261488176	0.03266418011	0.03254258078
37	7.504912	7.4736305	7.4597665	7.428106	0.01629437014	0.01627062558	0.01627666632	0.01622402952	17.166372	17.124581	17.079985	17.02558	0.03267699082	0.03261816698	0.03266654068	0.0325539236
38	7.501948	7.4721205	7.457959	7.4268705	0.01628606498	0.01626748506	0.01627322315	0.01621777845	17.166372	17.126949	17.081678	17.028445	0.03267699082	0.03261801272	0.03266851615	0.03256268567
39	7.505558	7.476417	7.4623815	7.43184	0.01631070022	0.01628870354	0.01629421798	0.01624352733	17.166372	17.128682	17.082811	17.031448	0.03267699082	0.03261695932	0.03267024077	0.03256991495
40	7.500604	7.471728	7.458636	7.4293495	0.01629114221	0.016272957	0.01627959794	0.01622619318	17.166372	17.128784	17.084152	17.033623	0.03267699082	0.03261994134	0.03267278344	0.03257841066
41	7.50164	7.4726215	7.45866	7.4296845	0.01629582844	0.01627333353	0.01627994895	0.01622987785	17.166372	17.128995	17.085256	17.035701	0.03267699082	0.03262144301	0.03267355621	0.0325841351
42	7.507546	7.480971	7.4674995	7.439108	0.01630735021	0.0162882871	0.01629445515	0.01624612602	17.166372	17.129822	17.085911	17.037256	0.03267699082	0.03262142493	0.03267555111	0.03258937463
43	7.502312	7.4763535	7.463707	7.43628	0.01631056945	0.01629019799	0.01629610166	0.01625098379	17.166372	17.131315	17.086798	17.039152	0.03267699082	0.03262690088	0.03267746599	0.03259645586
44	7.502426	7.4768535	7.4636695	7.4365485	0.01629818932	0.01628047085	0.0162854498	0.01624302192	17.166372	17.131195	17.088211	17.041277	0.03267699082	0.03262914967	0.03268010276	0.03260288602
45	7.501306	7.475605	7.4629005	7.4375175	0.01628445973	0.01626551896	0.01627150735	0.01623161362	17.166372	17.132522	17.088777	17.042587	0.03267699082	0.03262639002	0.03268012427	0.03260709831
46	7.505268	7.4803295	7.4679915	7.442464	0.01630330644	0.01628765913	0.01629322546	0.01625490174	17.166372	17.133527	17.089775	17.0447	0.03267699082	0.03262678809	0.03268137098	0.03261142163
47	7.5035	7.4792205	7.466933	7.442915	0.01628793702	0.01627232853	0.01627886511	0.01624307284	17.166372	17.134265	17.09121	17.04603	0.03267699082	0.03262906119	0.03268309813	0.03261670422
48	7.50546	7.4809735	7.4687505	7.44459	0.01630271451	0.01628685629	0.01629155187	0.01625214934	17.166372	17.133863	17.091813	17.047296	0.03267699082	0.0326322446	0.03268367858	0.03262082061
49	7.506728	7.4829825	7.4708995	7.4477705	0.01630146256	0.01628556377	0.01629121982	0.01625012449	17.166372	17.134961	17.092767	17.048461	0.03267699082	0.03263258475	0.03268514026	0.03262484449
50	7.505374	7.4836145	7.4720625	7.449607	0.01629274486	0.01627784363	0.01628326723	0.0162482713	17.166372	17.137961	17.093837	17.049638	0.03267699082	0.03263243273	0.03268572148	0.03262858649
51	7.502682	7.478957	7.4667835	7.4449965	0.01629050329	0.01627563095	0.01628219707	0.01624751509	17.166372	17.136302	17.094599	17.050805	0.03267699082	0.03263464891	0.03268807605	0.03263189732
52	7.498716	7.4771115	7.465294	7.4440065	0.01629150307	0.016273979	0.01627970696	0.01625041842	17.166372	17.137495	17.095496	17.051949	0.03267699082	0.03263354981	0.03268817597	0.03263531097
53	7.505632	7.484916	7.471954	7.4505405	0.01630905136	0.01629340038	0.01629817833	0.01626540231	17.166372	17.139216	17.096312	17.052597	0.03267699082	0.03263533984	0.03268959546	0.03263906664
54	7.504978	7.483711	7.4714505	7.4507085	0.01630146003	0.01628502192	0.01629117192	0.01625880162	17.166372	17.137118	17.096677	17.053129	0.03267699082	0.03263895436	0.03269043703	0.0326430564
55	7.5011	7.4812785	7.4695655	7.449902	0.01629341208	0.01628037331	0.01628664574	0.01625765133	17.166372	17.139101	17.097303	17.053576	0.03267699082	0.03263681705	0.03269154391	0.03264679688
56	7.503758	7.4830955	7.4714855	7.4515065	0.01629506634	0.01627884775	0.01628673044	0.01625403443	17.166372	17.139579	17.097807	17.054409	0.03267699082	0.0326386773	0.03269225001	0.03265003511
57	7.503306	7.48367	7.472632	7.4534525	0.01629496275	0.0162815849	0.01628979802	0.01626150708	17.166372	17.138072	17.098224	17.054777	0.03267699082	0.03263825354	0.03269277722	0.03265330871
58	7.503516	7.484566	7.4729985	7.4541455	0.01630926586	0.01629533166	0.01630434195	0.01627480415	17.166372	17.140348	17.098905	17.055039	0.03267699082	0.03263650257	0.03269320064	0.03265610386
59	7.501244	7.480924	7.469327	7.450929	0.01629685661	0.01628197377	0.01628968136	0.01626106831	17.166372	17.138596	17.099554	17.055698	0.03267699082	0.03264057673	0.03269412728	0.03266001451
60	7.504378	7.484766	7.473707	7.456884	0.01629641726	0.01628439923	0.01629067742	0.01626341388	17.166372	17.141184	17.099974	17.055496	0.03267699082	0.03264042619	0.03269462714	0.03266285268
61	7.500966	7.4819925	7.4717905	7.4537905	0.01629158333	0.01627748782	0.01628486633	0.0162562158	17.166372	17.139761	17.100297	17.055789	0.03267699082	0.03264283253	0.03269532721	0.03266562792
62	7.49875	7.479882	7.4701985	7.4517725	0.01628980497	0.01627832395	0.01628502964	0.01625767776	17.166372	17.140496	17.100573	17.055737	0.03267699082	0.03264100452	0.03269667161	0.03266939984
63	7.50292	7.484304	7.472905	7.4549865	0.01629197599	0.01628089784	0.0162877066	0.01625849061	17.166372	17.14268	17.101214	17.055429	0.03267699082	0.0326421202	0.03269692314	0.0326718708
64	7.504948	7.4861545	7.475863	7.4588695	0.01628693717	0.01627478662	0.01628102211	0.01625752235	17.166372	17.141205	17.101506	17.054867	0.03267699082	0.03264295518	0.03269739527	0.03267360237
65	7.50203	7.484201	7.473473	7.456782	0.01629575684	0.01628174506	0.01628886114	0.01626442391	17.166372	17.142458	17.102182	17.054568	0.03267699082	0.03264203131	0.03269872089	0.03267685715
66	7.507124	7.490399	7.4799515	7.4632575	0.0162898494	0.01627792429	0.01628495011	0.01625942198	17.166372	17.142794	17.102767	17.054379	0.03267699082	0.03264350228	0.03269866421	0.03267970979
67	7.504992	7.4883755	7.477754	7.461732	0.0163000566	0.01629047921	0.0162980849	0.01627123515	17.166372	17.142899	17.10334	17.053676	0.03267699082	0.03264340689	0.03269911411	0.03268229451
68	7.502406	7.4849975	7.47553	7.4585955	0.01629381778	0.01628090811	0.01628772374	0.01626105489	17.166372	17.143183	17.103816	17.053907	0.03267699082	0.03264343754	0.03270064849	0.03268554938
69	7.505664	7.4900025	7.4797975	7.4625075	0.01629494964	0.01628189157	0.01628904419	0.01626400352	17.166372	17.142929	17.104431	17.053135	0.03267699082	0.03264650451	0.03270112398	0.03268915287
70	7.506654	7.4897875	7.4792055	7.4630935	0.01630557514	0.01629199261	0.0162985957	0.01627454545	17.166372	17.143971	17.104567	17.052319	0.03267699082	0.03264459645	0.0327011599	0.03269262479
71	7.5043	7.488784	7.4783155	7.4627455	0.0162930394	0.01628295952	0.01628954398	0.0162643376	17.166372	17.1449	17.104911	17.051211	0.03267699082	0.03264368163	0.03270211532	0.03269603952
72	7.501	7.485279	7.475331	7.459218	0.01629519849	0.01628412226	0.01628967874	0.01626158223	17.166372	17.14545	17.105534	17.049852	0.03267699082	0.03264625033	0.03270279183	0.03269787417
73	7.503614	7.4874765	7.4778835	7.4629795	0.01629561198	0.01628255062	0.016289885	0.0162643132	17.166372	17.144513	17.105819	17.048903	0.03267699082	0.03264801626	0.03270289654	0.03270139208
74	7.505972	7.4901485	7.4798415	7.464993	0.01629902537	0.01628993877	0.01629520019	0.016270182	17.166372	17.144721	17.105851	17.04787	0.03267699082	0.03264862258	0.03270349041	0.03270526706
75	7.50619	7.490881	7.4810625	7.4655445	0.01630409785	0.01629433884	0.0163014156	0.0162729221	17.166372	17.144958	17.106673	17.046621	0.03267699082	0.03264602939	0.03270429561	0.03270907593
76	7.507682	7.492269	7.48206	7.4671945	0.01628949067	0.01627760084	0.01628407777	0.01625958238	17.166372	17.146702	17.106708	17.044817	0.03267699082	0.03264807836	0.03270462225	0.03271131282
77	7.504516	7.4897285	7.479811	7.464473	0.01631150576	0.01630037908	0.0163083914	0.01628052959	17.166372	17.146093	17.107194	17.043762	0.03267699082	0.03264921637	0.03270458243	0.03271506142
78	7.498544	7.483405	7.4743095	7.459435	0.01628929621	0.01628097547	0.0162876113	0.01626221069	17.166372	17.146466	17.107523	17.04211	0.03267699082	0.03264885584	0.03270536252	0.03271913655
79	7.50312	7.488628	7.478378	7.463677	0.01629888159	0.01628777539	0.01629499851	0.01626839507	17.166372	17.147444	17.107672	17.040098	0.03267699082	0.03264954467	0.03270544174	0.03272173743
80	7.503992	7.4897195	7.4797725	7.465768	0.0162912097	0.01627987439	0.01628802338	0.01626327696	17.166372	17.146435	17.108353	17.038412	0.03267699082	0.0326508822	0.03270638458	0.03272472309
81	7.501774	7.487188	7.4771545	7.4628525	0.01628717838	0.0162786524	0.01628641858	0.01625875469	17.166372	17.148568	17.108393	17.036329	0.03267699082	0.03264808171	0.03270601924	0.03272684632
82	7.503068	7.489886	7.479269	7.464502	0.0162963102	0.01628626577	0.01629345222	0.01626660182	17.166372	17.147284	17.10825	17.033952	0.03267699082	0.0326500408	0.03270608114	0.03272910459
83	7.506526	7.492129	7.4827995	7.468403	0.01629819536	0.0162887877	0.01629496473	0.01626374801	17.166372	17.147526	17.108771	17.031446	0.03267699082	0.03265079821	0.03270699014	0.03273211948
84	7.506456	7.49271	7.482926	7.469113	0.0162975607	0.01628732503	0.01629475757	0.01626551095	17.166372	17.148976	17.109364	17.02897	0.03267699082	0.03265146003	0.03270764058	0.03273472931
85	7.510234	7.496269	7.4867735	7.472175	0.01630502306	0.01629496852	0.01630190307	0.01627144695	17.166372	17.14849	17.109475	17.026306	0.03267699082	0.03265120275	0.03270880502	0.03273781206
86	7.508266	7.494399	7.485104	7.470393	0.01630146315	0.01629195166	0.01629834382	0.01626837474	17.166372	17.149522	17.109892	17.02361	0.03267699082	0.03265147232	0.03270874792	0.03274173374
87	7.505076	7.4920965	7.4822905	7.468514	0.01629415022	0.01628446875	0.0162925692	0.01626141625	17.166372	17.147349	17.110313	17.020644	0.03267699082	0.03265285945	0.03270935103	0.03274434936
88	7.502986	7.4905635	7.4806765	7.467144	0.0162966879	0.01628835878	0.01629509085	0.01626352832	17.166372	17.149783	17.110549	17.017752	0.03267699082	0.03265029251	0.03270972814	0.03274714331
89	7.503712	7.4920805	7.4828605	7.468093	0.01628930781	0.01628175805	0.016288589	0.01625678024	17.166372	17.149817	17.110541	17.014734	0.03267699082	0.03265192663	0.03270994082	0.03275099804
90	7.502876	7.4903205	7.4808045	7.466058	0.01628975678	0.01628158298	0.01628758259	0.01625482184	17.166372	17.149909	17.110781	17.011372	0.03267699082	0.03265284245	0.03270949857	0.03275368637
91	7.506818	7.4943535	7.4853535	7.471282	0.01629368543	0.01628541731	0.016292438	0.01625798965	17.166372	17.150063	17.111251	17.007196	0.03267699082	0.03265193888	0.03271025724	0.03275637553
92	7.502678	7.4908005	7.481768	7.466854	0.01629264438	0.01628678038	0.0162938984	0.01625681449	17.166372	17.149477	17.111612	17.003472	0.03267699082	0.03265284241	0.0327101329	0.03275953143
93	7.505784	7.493334	7.484396	7.4705965	0.01629784712	0.01628927713	0.01629627625	0.01625886171	17.166372	17.15032	17.111544	16.999461	0.03267699082	0.03265359714	0.03271078619	0.03276162427
94	7.50585	7.494348	7.485937	7.471012	0.01629816759	0.01629151725	0.01629866233	0.01626048804	17.166372	17.149428	17.111734	16.995436	0.03267699082	0.03265379217	0.03271136843	0.03276484138
95	7.5071	7.4942335	7.4852885	7.470368	0.01628749854	0.01627931223	0.01628661889	0.01624781431	17.166372	17.150487	17.112285	16.991044	0.03267699082	0.03265329836	0.03271148397	0.03276715522
96	7.501948	7.4900665	7.4806275	7.466501	0.01630492115	0.01629612845	0.01630363405	0.01626458684	17.166372	17.149829	17.112463	16.986542	0.03267699082	0.03265375775	0.03271160023	0.03276915169
97	7.504546	7.49186	7.4832075	7.46767	0.01629777437	0.0162907444	0.01629754319	0.01625474713	17.166372	17.150856	17.112571	16.9816	0.03267699082	0.03265305811	0.03271138448	0.03277161398
98	7.506772	7.4943585	7.4846405	7.4706335	0.01630922612	0.01630142093	0.01630885373	0.01626641146	17.166372	17.150573	17.112733	16.976671	0.03267699082	0.03265379449	0.03271199924	0.03277326335
99	7.502442	7.490617	7.481405	7.467691	0.01629268036	0.01628466439	0.0162918544	0.01625025402	17.166372	17.150438	17.113054	16.971922	0.03267699082	0.03265544607	0.03271279936	0.03277624129
100	7.50474	7.4940805	7.484555	7.4697195	0.01629563681	0.01628838378	0.01629516389	0.01624897937	17.166372	17.150189	17.113118	16.966671	0.03267699082	0.03265649622	0.03271292816	0.032778223
