n	avgPP	avgPF	avgPT	avgPE	sdPP	sdPF	sdPT	sdPE	avgIP	avgIF	avgIT	avgIE	sdIP	sdIF	sdIT	sdIE
0	5.6444052	3.228802	3.228802	3.228802	0.007631207597	0.006274279768	0.006274279768	0.006274279768	16.288013	11	11	11	0.01592372559	0	0	0
1	5.6516292	4.936862	4.557528	3.8815408	0.007623452962	0.007559786984	0.0072329625	0.006536755699	16.288013	14.948025	14.230065	12.731537	0.01592372559	0.01381037603	0.01104231173	0.005734878002
2	5.6429032	5.2175556	5.0135532	4.271832	0.007633486467	0.007602967919	0.007470325096	0.006447535381	16.288013	15.497729	15.132593	13.45574	0.01592372559	0.01472784604	0.01358309302	0.007684353019
3	5.6462272	5.343364	5.2131272	4.5399736	0.00762937751	0.007605145937	0.007543127633	0.006665756412	16.288013	15.726495	15.490693	14.124529	0.01592372559	0.01507660273	0.01446866157	0.009272019824
4	5.6458972	5.4086984	5.311368	4.719814	0.00763189413	0.007624300707	0.007587275187	0.006957669632	16.288013	15.860061	15.6816	14.663795	0.01592372559	0.01525672267	0.01488178232	0.01062442738
5	5.6511612	5.4544772	5.3789348	4.8815216	0.007612154813	0.007602305966	0.007589391654	0.006707436256	16.288013	15.924278	15.801072	14.707939	0.01592372559	0.01541109226	0.0151217849	0.01095809561
6	5.6501632	5.486554	5.423112	4.9890588	0.007620792518	0.007605327995	0.007599510583	0.007025848976	16.288013	15.981255	15.87892	15.099452	0.01592372559	0.01548409304	0.01526678138	0.01208773989
7	5.6438592	5.5017968	5.450138	5.0815632	0.007625428156	0.007621893422	0.007614826205	0.006955969309	16.288013	16.031077	15.935975	15.160573	0.01592372559	0.01554233213	0.01537527935	0.01235120823
8	5.6445072	5.5194112	5.4752904	5.1516828	0.007633544592	0.00761888108	0.007617825286	0.006940410577	16.288013	16.054578	15.978746	15.233092	0.01592372559	0.01557578425	0.01545138504	0.01260221282
9	5.6439092	5.5319	5.4916392	5.2067348	0.007631591135	0.00762630702	0.007619923701	0.007203600367	16.288013	16.088115	16.011698	15.508392	0.01592372559	0.0156229873	0.01550858639	0.01345570316
10	5.6404532	5.53834	5.5033116	5.2558172	0.007630135708	0.007627685217	0.007626023919	0.007180082106	16.288013	16.102605	16.039054	15.530308	0.01592372559	0.01564926071	0.01555443179	0.01357157774
11	5.6418512	5.5482804	5.5164688	5.2965816	0.007638555892	0.007638012707	0.00763343498	0.007217424233	16.288013	16.122896	16.060002	15.599489	0.01592372559	0.0156693431	0.01558980021	0.01378309563
12	5.6492712	5.5638236	5.5347968	5.3391648	0.007621408471	0.007616023843	0.007616113787	0.007222431405	16.288013	16.130939	16.078332	15.650347	0.01592372559	0.01569513567	0.0156217304	0.01397107861
13	5.6453072	5.56586	5.5396268	5.36141	0.00762150457	0.007624422772	0.007619071681	0.007259484157	16.288013	16.149585	16.094047	15.700755	0.01592372559	0.0157183915	0.01564684338	0.01414209142
14	5.6474352	5.5727604	5.548716	5.388056	0.007631023379	0.007624564421	0.007622681203	0.007382487993	16.288013	16.153386	16.107405	15.813175	0.01592372559	0.01572992687	0.0156669894	0.0145929758
15	5.6459312	5.5770404	5.5535208	5.4126352	0.007635359915	0.007627193753	0.007630885769	0.007392409091	16.288013	16.161616	16.119072	15.840163	0.01592372559	0.01573343688	0.01568409732	0.01467983361
16	5.6498252	5.5831828	5.5614628	5.4303268	0.007628808101	0.007630666809	0.007629338799	0.007413509024	16.288013	16.175042	16.129637	15.874397	0.01592372559	0.0157402638	0.01570067752	0.0147763686
17	5.6462272	5.5854148	5.5656452	5.4466044	0.007623039289	0.007626921567	0.007624281008	0.007422694667	16.288013	16.181092	16.138693	15.894271	0.01592372559	0.01576328271	0.01571571481	0.01486223605
18	5.6462852	5.5868116	5.5679424	5.456978	0.007640972456	0.007636649815	0.007639583232	0.007456044442	16.288013	16.181769	16.146951	15.920185	0.01592372559	0.01577126539	0.01572885221	0.01495034795
19	5.6466152	5.5921892	5.5747064	5.472468	0.007630293669	0.007629689919	0.007629224333	0.007469581064	16.288013	16.190963	16.154106	15.9502	0.01592372559	0.01577182892	0.01573909459	0.01503473557
20	5.6457772	5.5933616	5.5774444	5.4829904	0.007626117731	0.007622833456	0.007625116525	0.007480622789	16.288013	16.190974	16.160416	15.966896	0.01592372559	0.01578394386	0.01574911887	0.01510851523
21	5.6443852	5.5936888	5.5787892	5.4908392	0.007637788161	0.007636580883	0.007636133518	0.007497627572	16.288013	16.199267	16.166983	15.984718	0.01592372559	0.01578955691	0.0157579427	0.01518012021
22	5.6470832	5.5996604	5.5842156	5.5025684	0.007625131017	0.007625055786	0.007624018728	0.007502665681	16.288013	16.202321	16.171514	16.003646	0.01592372559	0.01579587435	0.01576556379	0.01524457398
23	5.6427832	5.597104	5.5825112	5.5065352	0.00764317161	0.00764058689	0.007640739689	0.007536581784	16.288013	16.203775	16.176888	16.021793	0.01592372559	0.01580350805	0.01577300735	0.01529719328
24	5.6421952	5.5987432	5.5856716	5.5140424	0.007633485121	0.007633541318	0.007632353376	0.007536854687	16.288013	16.209918	16.181224	16.033461	0.01592372559	0.01580621672	0.01578097632	0.01534232998
25	5.6459932	5.6045596	5.5921372	5.5255092	0.007629746481	0.007628702553	0.007626965777	0.007535682752	16.288013	16.214229	16.184538	16.044938	0.01592372559	0.01581132814	0.01578621703	0.01539035835
26	5.6451132	5.6044656	5.5918724	5.5279456	0.007632537438	0.007635347551	0.007632447691	0.007548053545	16.288013	16.217174	16.188176	16.055694	0.01592372559	0.01581879544	0.01579280222	0.0154276609
27	5.6469892	5.6092056	5.5967156	5.5349136	0.007627288634	0.007623998353	0.007622850833	0.007546605393	16.288013	16.218539	16.192279	16.068004	0.01592372559	0.01581354076	0.01579869021	0.01546256605
28	5.6462992	5.6069632	5.5950716	5.5388356	0.007624870949	0.007627264372	0.007625713734	0.00755133587	16.288013	16.220888	16.195369	16.075434	0.01592372559	0.01582872989	0.01580285015	0.01548868049
29	5.6450792	5.6096032	5.5982456	5.5430552	0.007625240819	0.007624020977	0.007623890174	0.007560322369	16.288013	16.223358	16.198709	16.084628	0.01592372559	0.01582439698	0.01580779804	0.01551755615
30	5.6458352	5.6103432	5.5997592	5.5468376	0.007633369866	0.007633162832	0.007632055953	0.007573359137	16.288013	16.225073	16.201103	16.092419	0.01592372559	0.01582658777	0.01581176907	0.01554523049
31	5.6443572	5.6114196	5.6001132	5.550818	0.007632313669	0.007628676645	0.007629061404	0.007570841492	16.288013	16.225819	16.203258	16.099415	0.01592372559	0.01583189294	0.0158159119	0.01556822223
32	5.6451252	5.6124596	5.6030564	5.555518	0.007630528455	0.007630008816	0.007629460837	0.007578238243	16.288013	16.226379	16.205931	16.105915	0.01592372559	0.01583577519	0.01581864098	0.01558623232
33	5.6433412	5.61066	5.600988	5.5554204	0.007641038384	0.007641877952	0.007641533134	0.007592493119	16.288013	16.230625	16.208645	16.111986	0.01592372559	0.015836336	0.01582284965	0.01560433594
34	5.6466032	5.615636	5.6066944	5.5633016	0.007625196756	0.00762730261	0.007624816355	0.007580219384	16.288013	16.23344	16.210341	16.117694	0.01592372559	0.01584329518	0.01582553119	0.01562154523
35	5.6483732	5.6189728	5.6100372	5.56796	0.007619396142	0.007617506778	0.007617006691	0.007573235366	16.288013	16.232672	16.212473	16.122785	0.01592372559	0.0158432011	0.01582847866	0.01563775562
36	5.6438252	5.6153996	5.6069276	5.5669884	0.007632040785	0.007628000813	0.007626988522	0.007585833761	16.288013	16.233864	16.214784	16.127536	0.01592372559	0.01584823531	0.01583091661	0.01565017281
37	5.6420772	5.6136456	5.6048324	5.5658036	0.007640760646	0.007641252259	0.007640446006	0.007602663353	16.288013	16.236859	16.216596	16.132199	0.01592372559	0.01584801269	0.01583421121	0.01566341481
38	5.6442192	5.6165132	5.60782	5.5708404	0.007628080115	0.007624986881	0.007625408992	0.007591150292	16.288013	16.237348	16.21805	16.136856	0.01592372559	0.01584941967	0.01583721546	0.01567726782
39	5.6469952	5.6196212	5.6114844	5.5746308	0.007633657607	0.007634877627	0.007632664341	0.007598726119	16.288013	16.240803	16.219771	16.140132	0.01592372559	0.01585234966	0.01583877261	0.0156854497
40	5.6472452	5.6214684	5.6130136	5.57756	0.007628075086	0.007626643001	0.007624113688	0.007590299331	16.288013	16.241536	16.221859	16.144525	0.01592372559	0.01585112502	0.01584076788	0.01569632806
41	5.6510672	5.6258376	5.6184028	5.5835516	0.007619164643	0.007618397923	0.007616416503	0.007586675345	16.288013	16.241999	16.223302	16.147729	0.01592372559	0.01585287075	0.01584271038	0.01570545118
42	5.6466352	5.6213328	5.6135668	5.5800596	0.007635301258	0.007633492505	0.007632677305	0.007601816735	16.288013	16.243417	16.224982	16.151149	0.01592372559	0.01585331828	0.01584497706	0.01571368284
43	5.6475012	5.6227212	5.6155468	5.5826084	0.007628899292	0.007627154832	0.007625392329	0.007598301925	16.288013	16.244203	16.226347	16.154561	0.01592372559	0.01585732078	0.01584764244	0.01572267388
44	5.6444112	5.6199336	5.6130748	5.5828748	0.00762667767	0.007626360038	0.007626881156	0.007599090013	16.288013	16.244109	16.227952	16.157282	0.01592372559	0.01585768779	0.01584976432	0.01573031855
45	5.6460512	5.622584	5.6148608	5.5852096	0.007629796495	0.007628684956	0.00762870967	0.00760383824	16.288013	16.244665	16.228802	16.160389	0.01592372559	0.0158607254	0.01585232503	0.01573761551
46	5.6468252	5.6244052	5.6177396	5.5876012	0.007629497841	0.007626128314	0.007624502373	0.00760057105	16.288013	16.247468	16.229879	16.162658	0.01592372559	0.01586348411	0.01585442802	0.01574391285
47	5.6487772	5.6263044	5.6196388	5.5913792	0.007628527946	0.007626081489	0.007625716204	0.00759837768	16.288013	16.245651	16.231237	16.165328	0.01592372559	0.01586441025	0.01585600677	0.0157501699
48	5.6456792	5.6240536	5.6170272	5.5882236	0.007623368854	0.007624942835	0.007623928518	0.007602810492	16.288013	16.249964	16.232273	16.168139	0.01592372559	0.01586258787	0.01585757907	0.01575589579
49	5.6431392	5.6220088	5.6157992	5.588914	0.007633567917	0.007631241888	0.007630550514	0.007606792191	16.288013	16.248512	16.233503	16.17004	0.01592372559	0.01586408566	0.01585860125	0.01576015915
50	5.6463392	5.6251436	5.6192624	5.5923544	0.007626993445	0.007628543289	0.007626614574	0.007603003082	16.288013	16.252574	16.234636	16.172136	0.01592372559	0.01586760607	0.01586040374	0.01576494318
51	5.6449132	5.6244908	5.618794	5.5930484	0.00763438792	0.007635338168	0.007633547409	0.0076120771	16.288013	16.252037	16.235615	16.174591	0.01592372559	0.01586738696	0.01586135132	0.01576917799
52	5.6431352	5.6228392	5.6171216	5.5909216	0.007623588246	0.007625084706	0.007623818946	0.007602492222	16.288013	16.251138	16.237039	16.176284	0.01592372559	0.01586877918	0.01586283895	0.01577417531
53	5.6451372	5.6252408	5.6193332	5.595662	0.007626265776	0.007624524138	0.007623578004	0.007601720657	16.288013	16.251907	16.237483	16.178105	0.01592372559	0.01586831753	0.0158635431	0.01577857635
54	5.6467432	5.627944	5.6216956	5.5969188	0.007629769453	0.007628826089	0.007628392752	0.007607193725	16.288013	16.25246	16.238514	16.179892	0.01592372559	0.01586973735	0.01586517137	0.01578305352
55	5.6434992	5.6235452	5.6180876	5.5940156	0.007635633588	0.007635656783	0.007634421522	0.007614307593	16.288013	16.252888	16.238989	16.181764	0.01592372559	0.01587044245	0.01586619489	0.01578683174
56	5.6445492	5.6257428	5.6201228	5.5964968	0.007619648266	0.0076198576	0.007620446393	0.007602594916	16.288013	16.252657	16.239827	16.183022	0.01592372559	0.0158724773	0.01586738861	0.01579002396
57	5.6432672	5.6247844	5.61883	5.596266	0.007629366862	0.007628314541	0.007628766441	0.007609388171	16.288013	16.252421	16.240335	16.184525	0.01592372559	0.01587568594	0.01586797136	0.01579193498
58	5.6443112	5.6261852	5.620664	5.5982252	0.007633704777	0.007634086643	0.007632102326	0.007613553278	16.288013	16.255753	16.24111	16.185708	0.01592372559	0.01587288608	0.01586915323	0.01579519231
59	5.6449052	5.6263692	5.6210124	5.5989764	0.007633992779	0.007633673895	0.007632464899	0.007611941664	16.288013	16.256128	16.242396	16.186871	0.01592372559	0.01587392808	0.01587034593	0.01579696106
60	5.6437712	5.625342	5.6204552	5.5993188	0.007630004738	0.007629804293	0.007628597883	0.00760846752	16.288013	16.25402	16.242583	16.188632	0.01592372559	0.01587663874	0.01587050138	0.01580150407
61	5.6449452	5.62765	5.6223808	5.600466	0.007635063464	0.007633968492	0.007633008223	0.007614952166	16.288013	16.2571	16.243137	16.18966	0.01592372559	0.01587730894	0.01587069828	0.01580435254
62	5.6437232	5.6267244	5.6213596	5.6001756	0.007639202775	0.007637651475	0.007637701461	0.007617725469	16.288013	16.256181	16.243874	16.190009	0.01592372559	0.0158780281	0.0158720978	0.01580747019
63	5.6500632	5.6331464	5.6279188	5.6072152	0.007621139434	0.007619263319	0.007619625127	0.007598950831	16.288013	16.256816	16.244192	16.190843	0.01592372559	0.01587753927	0.01587284963	0.01581036609
64	5.6458432	5.6283188	5.6233852	5.6036784	0.007631032969	0.007631950174	0.007630831199	0.007613099475	16.288013	16.257597	16.244803	16.192026	0.01592372559	0.01588038597	0.0158737519	0.01581277531
65	5.6393032	5.6232644	5.6186252	5.59912	0.007640024381	0.007637097088	0.007636123929	0.007619848484	16.288013	16.256726	16.245428	16.19298	0.01592372559	0.01588052204	0.01587488696	0.01581561708
66	5.6428452	5.626364	5.6211296	5.6016796	0.007640424074	0.007636422915	0.007636077112	0.007618422198	16.288013	16.25783	16.246094	16.193719	0.01592372559	0.01588006725	0.01587480258	0.01581893246
67	5.6519192	5.636162	5.6310096	5.6123308	0.007619687043	0.007620447431	0.007620097851	0.00759963907	16.288013	16.259575	16.246289	16.194067	0.01592372559	0.0158789116	0.01587608425	0.01582146044
68	5.6426052	5.6281484	5.6231536	5.6052904	0.007637782438	0.007637618303	0.007637551044	0.007618303101	16.288013	16.258866	16.247214	16.194951	0.01592372559	0.01588180393	0.01587702556	0.0158238704
69	5.6431412	5.6283404	5.623534	5.6053328	0.007629312603	0.007629868257	0.00762875365	0.007609086724	16.288013	16.259511	16.24812	16.195057	0.01592372559	0.01588277201	0.01587774794	0.01582613563
70	5.6483732	5.6325288	5.6279932	5.608648	0.007628468132	0.007627967208	0.007626127466	0.007608558342	16.288013	16.259962	16.248353	16.195855	0.01592372559	0.01588349335	0.01587872119	0.01582885091
71	5.6458632	5.6308728	5.6260012	5.6080696	0.00763013355	0.00762976626	0.007629573262	0.007610388079	16.288013	16.259687	16.249118	16.196074	0.01592372559	0.01588250772	0.01587948525	0.01583061002
72	5.6463552	5.6318776	5.6266136	5.6093924	0.007628752544	0.007628084214	0.007627972949	0.00760760369	16.288013	16.260874	16.249194	16.196091	0.01592372559	0.01588405554	0.01588061259	0.01583308655
73	5.6431052	5.6295532	5.625216	5.6081332	0.007626326654	0.007625435451	0.007625296551	0.007605848454	16.288013	16.261368	16.249745	16.196338	0.01592372559	0.0158869667	0.01588098948	0.01583576838
74	5.6519272	5.6375868	5.632884	5.61471	0.007618293589	0.007617120707	0.007617527165	0.00759888159	16.288013	16.260067	16.25011	16.19629	0.01592372559	0.01588615848	0.01588136014	0.01583760842
75	5.6454252	5.632394	5.6280644	5.6109344	0.007628679968	0.007626835294	0.007624852087	0.007603285145	16.288013	16.26164	16.250366	16.196426	0.01592372559	0.01588789954	0.0158815309	0.01583968275
76	5.6445012	5.6292308	5.6258368	5.608154	0.007631508696	0.00763212236	0.00762887694	0.007609092346	16.288013	16.262102	16.250542	16.19666	0.01592372559	0.01588641534	0.01588234434	0.01584213454
77	5.6466152	5.6327948	5.62863	5.6128688	0.007623540996	0.007621447019	0.007620614154	0.007598400065	16.288013	16.261362	16.25113	16.196247	0.01592372559	0.01588742192	0.01588329623	0.0158445655
78	5.6497792	5.6366184	5.6328672	5.616522	0.007627867126	0.007627893099	0.00762755486	0.007603061057	16.288013	16.262676	16.251518	16.19595	0.01592372559	0.01588804133	0.01588273859	0.01584711708
79	5.6492292	5.635268	5.6315788	5.6152356	0.007623205952	0.007623136047	0.007620936628	0.007600168229	16.288013	16.26419	16.252132	16.195604	0.01592372559	0.01588614633	0.01588398235	0.01584934733
80	5.6437252	5.6306716	5.6265464	5.6106304	0.007640957983	0.007638928462	0.007638042272	0.007615313611	16.288013	16.264574	16.252711	16.194731	0.01592372559	0.0158874619	0.01588491403	0.01585134005
81	5.6465112	5.6338284	5.6292892	5.615068	0.00762392116	0.007622944494	0.007622116784	0.007597768508	16.288013	16.264586	16.252818	16.193985	0.01592372559	0.01588810842	0.01588553686	0.01585349756
82	5.6495612	5.6366492	5.6325192	5.6174712	0.007630539121	0.007630191256	0.00762815334	0.007602237515	16.288013	16.264428	16.253268	16.193413	0.01592372559	0.01588939247	0.01588627059	0.01585606879
83	5.6517872	5.6397552	5.6357832	5.6202548	0.007630225565	0.007628246865	0.007626442757	0.007600504685	16.288013	16.264718	16.253728	16.192902	0.01592372559	0.01589219998	0.01588734384	0.01585871892
84	5.6470632	5.6337564	5.6302324	5.6151944	0.007621146737	0.007622296925	0.007620124247	0.007593533531	16.288013	16.265361	16.254266	16.191546	0.01592372559	0.01589072345	0.01588850308	0.01586149901
85	5.6460812	5.6332192	5.62984	5.6158932	0.007622775589	0.007625196721	0.007623381594	0.007592209047	16.288013	16.266348	16.254635	16.190093	0.01592372559	0.01589076409	0.01588874139	0.01586360835
86	5.6429132	5.6306604	5.62742	5.6129744	0.007630641918	0.007628478583	0.007628143842	0.007598563424	16.288013	16.264516	16.254885	16.188841	0.01592372559	0.01589188439	0.01588870665	0.01586558724
87	5.6460992	5.6335256	5.6301812	5.6161392	0.00763301831	0.007632235771	0.007630954791	0.007598758455	16.288013	16.266164	16.255348	16.187138	0.01592372559	0.0158920707	0.0158887742	0.01586754905
88	5.6431492	5.630674	5.6275184	5.6131412	0.007637902685	0.007639095868	0.007636172717	0.007601237449	16.288013	16.267025	16.255551	16.185223	0.01592372559	0.01589047688	0.01588993824	0.01587019722
89	5.6459752	5.633832	5.6300364	5.6165376	0.007634303452	0.007634114446	0.007631897726	0.007596750306	16.288013	16.266575	16.256021	16.182929	0.01592372559	0.01589346446	0.01588991643	0.01587209326
90	5.6501532	5.6378808	5.6344328	5.6205904	0.007617447063	0.007618649881	0.007616671578	0.007580553679	16.288013	16.267342	16.256487	16.181001	0.01592372559	0.01589097556	0.01589069842	0.0158739183
91	5.6440452	5.6318944	5.6285156	5.6148596	0.007637196155	0.007637596946	0.007636144052	0.007597375001	16.288013	16.267256	16.256829	16.178324	0.01592372559	0.01589385935	0.01589134708	0.01587621175
92	5.6426632	5.6306976	5.6273984	5.6138652	0.007629199462	0.007627225827	0.007626736161	0.007586033065	16.288013	16.266824	16.257386	16.175993	0.01592372559	0.01589452483	0.015892185	0.01587855446
93	5.6423592	5.6318092	5.6285712	5.6145716	0.007631041451	0.007630919964	0.007628162018	0.007589063938	16.288013	16.267518	16.257348	16.173184	0.01592372559	0.01589272594	0.0158920242	0.01588001882
94	5.6452012	5.633098	5.629942	5.6161636	0.007631371272	0.007632307167	0.007629023973	0.007584732775	16.288013	16.26757	16.257375	16.170374	0.01592372559	0.01589531507	0.01589251794	0.01588303634
95	5.6483072	5.6374812	5.6340508	5.6205936	0.007629285709	0.007628727195	0.007627503365	0.007581151207	16.288013	16.267418	16.257992	16.167034	0.01592372559	0.0158959286	0.01589278009	0.0158850448
96	5.6446752	5.6331052	5.630038	5.6174312	0.007623086126	0.007621622513	0.007620774407	0.007570803492	16.288013	16.267808	16.25823	16.164068	0.01592372559	0.01589480422	0.01589314232	0.01588762887
97	5.6477452	5.6376164	5.6340476	5.6212052	0.007621192744	0.007621785418	0.007621305989	0.007568310035	16.288013	16.268231	16.258489	16.160353	0.01592372559	0.01589519699	0.01589335904	0.01588993452
98	5.6485812	5.6388452	5.6352444	5.6212032	0.007623766555	0.007623744621	0.007621330978	0.007566530315	16.288013	16.269603	16.258961	16.156683	0.01592372559	0.01589547566	0.01589393258	0.01589119956
99	5.6491312	5.6385408	5.635474	5.6222232	0.007618161915	0.007617894729	0.007616903506	0.007559722197	16.288013	16.268477	16.25915	16.152728	0.01592372559	0.01589671154	0.01589408232	0.01589320261
100	5.6429132	5.632142	5.6288708	5.6161608	0.007632878092	0.007631802117	0.0076306006	0.007569387961	16.288013	16.26875	16.259362	16.148667	0.01592372559	0.01589719103	0.01589399218	0.01589503602
