n	avgPP	avgPF	avgPT	avgPE	sdPP	sdPF	sdPT	sdPE	avgIP	avgIF	avgIT	avgIE	sdIP	sdIF	sdIT	sdIE
0	22.8061676	15.793904	15.793904	15.793904	0.03253478119	0.02579949649	0.02579949649	0.02579949649	21.486632	22	22	22	0.02583780116	0	0	0
1	22.8056216	21.5407655	21.2804524	20.1480136	0.03255430154	0.03189286078	0.03108020748	0.02771673944	21.486632	21.845375	21.910888	21.901992	0.02583780116	0.02465671558	0.0244121474	0.0213702117
2	22.7897576	22.0699151	21.9721946	21.4349485	0.0325375265	0.03216389086	0.03193501703	0.0298955873	21.486632	21.683047	21.716842	21.775065	0.02583780116	0.02530351547	0.02523133276	0.02404745621
3	22.7920116	22.2923373	22.2353969	21.9597438	0.03253355226	0.03226347452	0.03218023426	0.03103159722	21.486632	21.606221	21.658453	21.670526	0.02583780116	0.02541771221	0.02542174212	0.02489396426
4	22.8123896	22.4223518	22.3827594	22.2271123	0.03254014886	0.03234698794	0.03228519535	0.0316672102	21.486632	21.601966	21.616838	21.642111	0.02583780116	0.02557578151	0.02552838374	0.02534576982
5	22.8013036	22.4868101	22.4570277	22.3559668	0.03253116009	0.03237511997	0.03234108755	0.03198270674	21.486632	21.579137	21.595229	21.613536	0.02583780116	0.02560512598	0.02558957174	0.02547724715
6	22.8183596	22.5564874	22.5321875	22.4612788	0.03253210084	0.0324008906	0.03237640153	0.03215248396	21.486632	21.566098	21.578215	21.595496	0.02583780116	0.0256428317	0.02563086637	0.02555878452
7	22.7966716	22.5699284	22.5488034	22.4958307	0.03253967698	0.0324278872	0.03240999031	0.03226624633	21.486632	21.554068	21.567338	21.583459	0.02583780116	0.02568403821	0.02566092175	0.02561077823
8	22.8012596	22.6017406	22.5848266	22.5425399	0.03251235885	0.03241715651	0.03240328524	0.03229976621	21.486632	21.548222	21.556802	21.572863	0.02583780116	0.02569038405	0.0256802471	0.0256527683
9	22.7974716	22.6206786	22.6054828	22.5696487	0.03255859967	0.03247060089	0.03246124591	0.03238468429	21.486632	21.541262	21.548616	21.562439	0.02583780116	0.02570374904	0.02569566775	0.02567366487
10	22.8029376	22.6408906	22.6269376	22.5978439	0.03252615122	0.03243679474	0.0324303911	0.03237508395	21.486632	21.533022	21.542672	21.554303	0.02583780116	0.02572786531	0.02571106239	0.02569571146
11	22.8069136	22.6573717	22.6457126	22.6192558	0.03254047248	0.03246161146	0.03245652999	0.03240731207	21.486632	21.531649	21.537042	21.549446	0.02583780116	0.0257251387	0.02572200712	0.02570651725
12	22.8087996	22.6695506	22.6591552	22.6358727	0.0325438722	0.03247457982	0.03246521725	0.03242591136	21.486632	21.530022	21.533644	21.543679	0.02583780116	0.02573443465	0.02573024416	0.02571932287
13	22.8102096	22.6834939	22.6738539	22.6527943	0.03253226727	0.03247104691	0.0324686223	0.03243728861	21.486632	21.529603	21.530023	21.539331	0.02583780116	0.02574382995	0.02573954872	0.02572945471
14	22.8005916	22.6855918	22.6759347	22.6566957	0.03255901927	0.03249999143	0.03249531485	0.03246446051	21.486632	21.523706	21.527219	21.535129	0.02583780116	0.02575430742	0.02574584198	0.02573752597
15	22.7996276	22.6902722	22.6807552	22.663209	0.03255796112	0.03250306127	0.03249815582	0.03247236564	21.486632	21.521374	21.524324	21.53195	0.02583780116	0.02575680006	0.02575252473	0.02574551401
16	22.7972856	22.693785	22.6860339	22.6701904	0.03254313093	0.03249385255	0.03249117961	0.03246678642	21.486632	21.52139	21.521543	21.528448	0.02583780116	0.02575794694	0.02575858223	0.02575273151
17	22.8040576	22.7074133	22.6998774	22.6854397	0.03253897371	0.03249200951	0.03249001559	0.03247273673	21.486632	21.515081	21.519338	21.525389	0.02583780116	0.02577124985	0.02576434686	0.02575899799
18	22.8000096	22.7091724	22.7025745	22.6876761	0.0325687845	0.0325200138	0.03251776201	0.03249854656	21.486632	21.517948	21.517625	21.523057	0.02583780116	0.02576649521	0.02576797443	0.02576228154
19	22.8043116	22.7175436	22.7113627	22.6981166	0.03255456829	0.03250582963	0.03250649607	0.03248971198	21.486632	21.512072	21.515839	21.521262	0.02583780116	0.02577569011	0.02577217676	0.02576796553
20	22.8085956	22.7276787	22.7215227	22.7085194	0.03254078202	0.0325046321	0.03250181497	0.03248487265	21.486632	21.515799	21.514519	21.519218	0.02583780116	0.02577410488	0.02577554576	0.0257728381
21	22.8054496	22.7274694	22.7225601	22.7107408	0.03251783662	0.032483736	0.03248192094	0.03246811164	21.486632	21.515078	21.512737	21.517076	0.02583780116	0.02577690314	0.02577861854	0.02577600608
22	22.8105356	22.734602	22.7288889	22.7185076	0.03256672604	0.03252836229	0.03252809786	0.0325173348	21.486632	21.50708	21.511933	21.516552	0.02583780116	0.02578612358	0.02578098847	0.02577980684
23	22.7955936	22.7247651	22.7201071	22.7107788	0.0325305026	0.0324964299	0.03249533142	0.03248490332	21.486632	21.508847	21.510707	21.515096	0.02583780116	0.02578786091	0.02578553358	0.02578220872
24	22.8049576	22.7347173	22.7292819	22.7193651	0.03255752241	0.03252314575	0.03251999169	0.03250757494	21.486632	21.511141	21.509263	21.513187	0.02583780116	0.02578909928	0.02578714097	0.02578394975
25	22.7949136	22.7283423	22.7231504	22.7131227	0.03253202456	0.03249837768	0.0324973518	0.03248435677	21.486632	21.508611	21.507988	21.512079	0.02583780116	0.02579182753	0.02579018804	0.02578698633
26	22.7937116	22.7291896	22.7234461	22.7152787	0.03253604637	0.03250632421	0.03250324877	0.03249341568	21.486632	21.508572	21.507277	21.510919	0.02583780116	0.02579243184	0.0257909223	0.0257880481
27	22.8071536	22.7462025	22.7415134	22.7332562	0.03252378516	0.03248997328	0.03248848887	0.03247972689	21.486632	21.505465	21.506038	21.508894	0.02583780116	0.02579339471	0.02579277181	0.02578978815
28	22.8070896	22.7473226	22.743011	22.7347953	0.03254247713	0.03251398815	0.0325121464	0.03250449961	21.486632	21.506102	21.50547	21.508201	0.02583780116	0.02579249695	0.02579356852	0.02579033198
29	22.7955836	22.7391497	22.7348634	22.7273371	0.03252496161	0.03249754039	0.03249697747	0.03248842491	21.486632	21.502549	21.504938	21.507627	0.02583780116	0.02579694896	0.0257952392	0.02579285643
30	22.8062016	22.7506351	22.746477	22.7400287	0.03254934051	0.03252409766	0.03252426835	0.03251520442	21.486632	21.504107	21.50427	21.506279	0.02583780116	0.02579869969	0.02579702404	0.02579383143
31	22.7906376	22.7371665	22.7326369	22.7261082	0.03253190807	0.03250484424	0.03250188199	0.03249662904	21.486632	21.504905	21.503453	21.505774	0.02583780116	0.0257991219	0.02579800302	0.02579536319
32	22.8110836	22.760194	22.7565874	22.7487628	0.03255751978	0.03253171455	0.03253193606	0.03252463098	21.486632	21.49892	21.502258	21.504376	0.02583780116	0.02580033417	0.02579926045	0.02579600462
33	22.8053376	22.755041	22.7514351	22.7447472	0.03254305248	0.03251711145	0.03251536028	0.03251029947	21.486632	21.50387	21.502167	21.503784	0.02583780116	0.02580205002	0.02580088229	0.02579726974
34	22.8031616	22.7552433	22.7511208	22.745075	0.03253326545	0.03250869835	0.03250812577	0.03250220117	21.486632	21.498861	21.501536	21.50287	0.02583780116	0.02580329482	0.02580075308	0.02579932112
35	22.8063356	22.7576386	22.754735	22.7484309	0.03253317424	0.03250720769	0.03250695154	0.03250151476	21.486632	21.500842	21.50153	21.502213	0.02583780116	0.02580594777	0.02580332511	0.02579995033
36	22.8022696	22.7552628	22.7524854	22.7462229	0.03253979407	0.03251523746	0.03251718701	0.03251158062	21.486632	21.498496	21.500938	21.501573	0.02583780116	0.02581138676	0.02580444894	0.02580154414
37	22.8007576	22.7542791	22.751338	22.7457447	0.03254850845	0.03252480596	0.0325238537	0.03251867882	21.486632	21.500567	21.49994	21.500859	0.02583780116	0.02580180128	0.02580558638	0.02580302166
38	22.8056076	22.7617362	22.7589728	22.7535594	0.03255393872	0.03252914432	0.03252923907	0.03252282213	21.486632	21.500254	21.499536	21.500278	0.02583780116	0.02580518904	0.02580628886	0.02580377102
39	22.8036896	22.7611058	22.7572434	22.7520245	0.03255289818	0.03252909079	0.03252898904	0.03252231667	21.486632	21.498206	21.499058	21.499905	0.02583780116	0.02580907416	0.02580627898	0.02580602241
40	22.8138116	22.771076	22.7674882	22.7622034	0.0325344199	0.03251168186	0.03250936502	0.03250457313	21.486632	21.49954	21.499074	21.499538	0.02583780116	0.02580913868	0.02580751363	0.02580675673
41	22.8029016	22.7627709	22.759645	22.7544257	0.03254472743	0.03252439348	0.03252257418	0.0325168522	21.486632	21.499253	21.49877	21.499109	0.02583780116	0.02581009632	0.02580867254	0.02580732339
42	22.8024536	22.7626218	22.7588617	22.7540425	0.03255983914	0.032540739	0.03254129256	0.03253393933	21.486632	21.497886	21.499049	21.498885	0.02583780116	0.02581036469	0.02580970737	0.02580855438
43	22.7973796	22.7592703	22.7561363	22.7506712	0.03255962714	0.0325439667	0.032543343	0.03253671659	21.486632	21.498611	21.498551	21.498544	0.02583780116	0.02581046728	0.0258103857	0.02580877029
44	22.8056216	22.7674936	22.7650451	22.7608197	0.03254842218	0.03252888212	0.03252927527	0.03252674322	21.486632	21.497132	21.498007	21.498189	0.02583780116	0.02581088876	0.02581008178	0.02581023156
45	22.8156076	22.7774768	22.7749754	22.7706367	0.03255330798	0.03253645467	0.03253475822	0.03253181366	21.486632	21.498416	21.497818	21.497639	0.02583780116	0.02581068498	0.02581162769	0.02581112873
46	22.7984936	22.7635534	22.7614001	22.756114	0.03253912184	0.03252189258	0.03252213961	0.03251614971	21.486632	21.497418	21.497577	21.4971	0.02583780116	0.0258141976	0.02581318538	0.0258123168
47	22.7996956	22.7626108	22.7603869	22.7558636	0.032553127	0.03253438301	0.03253386904	0.03252784839	21.486632	21.498696	21.496953	21.496492	0.02583780116	0.02581066584	0.02581305089	0.02581300423
48	22.8055256	22.7720353	22.769524	22.7648872	0.03253685002	0.03252202498	0.03252009967	0.03251744349	21.486632	21.499021	21.49698	21.496464	0.02583780116	0.02581275014	0.02581403074	0.02581353671
49	22.8086796	22.775387	22.7725434	22.7678773	0.03254647042	0.03252820724	0.0325286532	0.03252482231	21.486632	21.49753	21.496818	21.495861	0.02583780116	0.0258150822	0.02581510199	0.02581453612
50	22.8118996	22.777826	22.7758015	22.7714428	0.03254202631	0.03252491252	0.03252413707	0.03252074683	21.486632	21.49794	21.496675	21.495976	0.02583780116	0.02581536419	0.02581521561	0.0258143466
51	22.8088896	22.7758824	22.7739843	22.7698583	0.03254661137	0.03253155208	0.03253148297	0.03252561537	21.486632	21.497648	21.496591	21.495571	0.02583780116	0.02581600962	0.02581551245	0.02581498967
52	22.7988676	22.7667734	22.7644079	22.7596207	0.03256417379	0.03254812395	0.03254687691	0.03254104368	21.486632	21.497658	21.495843	21.495939	0.02583780116	0.02581409932	0.02581598807	0.02581638097
53	22.7939796	22.7640872	22.7619489	22.7575216	0.03254307613	0.03252699734	0.0325276394	0.03252266638	21.486632	21.496504	21.495973	21.495612	0.02583780116	0.02581754417	0.02581745251	0.02581775822
54	22.8061216	22.7761802	22.7739797	22.7702001	0.03255567213	0.032542608	0.03254266366	0.03253885933	21.486632	21.495874	21.495589	21.494817	0.02583780116	0.02581583199	0.02581587481	0.02581809705
55	22.8054016	22.7760404	22.7734624	22.7699618	0.0325444608	0.03252785499	0.03252654802	0.03252411953	21.486632	21.495028	21.495508	21.494586	0.02583780116	0.02581628349	0.02581745713	0.02581828733
56	22.8027616	22.7731068	22.7707559	22.7670866	0.03255470884	0.03253875769	0.0325387235	0.03253583889	21.486632	21.496036	21.494943	21.493962	0.02583780116	0.02581881417	0.02581746848	0.02581896157
57	22.7945376	22.7638878	22.7616714	22.7576328	0.03252743207	0.03250878202	0.03250871874	0.03250366657	21.486632	21.497366	21.494898	21.493316	0.02583780116	0.02581778324	0.02581795249	0.02581890948
58	22.8106156	22.7821661	22.7801452	22.7761461	0.03254607702	0.03253369214	0.03253338616	0.03252657276	21.486632	21.495617	21.494904	21.492917	0.02583780116	0.025817259	0.02581829234	0.0258191876
59	22.8080156	22.7795652	22.7771971	22.7737789	0.03257549804	0.03256095032	0.03256057577	0.0325589436	21.486632	21.495544	21.494747	21.493353	0.02583780116	0.02581822197	0.02581888545	0.02581976058
60	22.8095816	22.7809441	22.7789895	22.7759335	0.03255789114	0.032545116	0.03254293773	0.03254020268	21.486632	21.495497	21.494875	21.493055	0.02583780116	0.02581876518	0.02581876979	0.02582170156
61	22.8134036	22.7868298	22.7845426	22.781373	0.03254522981	0.0325303763	0.03253113977	0.03252702104	21.486632	21.494486	21.494502	21.49267	0.02583780116	0.02582001617	0.0258201559	0.02582158109
62	22.7973516	22.7708066	22.7681905	22.7649438	0.03254641054	0.03253440885	0.03253323902	0.0325295773	21.486632	21.495182	21.494345	21.492126	0.02583780116	0.02581990244	0.02582009997	0.0258215525
63	22.8077156	22.7815006	22.7796816	22.7758443	0.03257439486	0.03256025558	0.03256104415	0.03255686929	21.486632	21.493962	21.494132	21.491911	0.02583780116	0.0258196024	0.02582068688	0.02582293716
64	22.7988916	22.7733541	22.7715843	22.7685382	0.03252597685	0.03251576479	0.0325148923	0.03251111801	21.486632	21.496437	21.494211	21.491514	0.02583780116	0.02582077479	0.02582142697	0.02582276707
65	22.8024956	22.7766332	22.7750269	22.7719754	0.03254764285	0.03253717368	0.03253585317	0.03253247375	21.486632	21.494384	21.493953	21.491678	0.02583780116	0.02581954266	0.02582129404	0.02582363428
66	22.7980216	22.7714872	22.7695114	22.7667803	0.03255616551	0.03254323692	0.03254130671	0.03253726602	21.486632	21.495684	21.493818	21.491371	0.02583780116	0.02582133376	0.02582198051	0.02582462523
67	22.7954116	22.7693453	22.7673446	22.7638849	0.032526008	0.03251726302	0.0325164214	0.03251227514	21.486632	21.495341	21.493822	21.490873	0.02583780116	0.02582127446	0.02582242965	0.02582522481
68	22.8041716	22.7799555	22.7784485	22.7747133	0.03257319683	0.03256221591	0.0325618835	0.03255727825	21.486632	21.494715	21.493225	21.491021	0.02583780116	0.02581887412	0.02582174874	0.02582569462
69	22.7986916	22.7736023	22.7723425	22.7692044	0.03254702161	0.03253550725	0.03253546189	0.0325319307	21.486632	21.494211	21.493365	21.490328	0.02583780116	0.0258224233	0.02582228446	0.0258259269
70	22.8072056	22.7831767	22.7816938	22.7786238	0.03252425824	0.03251465545	0.03251326391	0.03251033343	21.486632	21.494559	21.492926	21.489886	0.02583780116	0.02582156919	0.02582287731	0.02582607663
71	22.8027276	22.7793095	22.7774353	22.7742021	0.03254165356	0.0325303682	0.03253045507	0.0325277341	21.486632	21.493555	21.493121	21.489337	0.02583780116	0.02582239876	0.02582219853	0.02582615194
72	22.8023456	22.778781	22.7769155	22.774168	0.03254424529	0.03253056053	0.03252986344	0.03252655087	21.486632	21.49375	21.492895	21.4892	0.02583780116	0.02582103438	0.02582282104	0.02582713984
73	22.8039156	22.7812356	22.779709	22.7770572	0.03256740903	0.03255766198	0.03255787043	0.03255431037	21.486632	21.492112	21.49315	21.488884	0.02583780116	0.02582401713	0.02582388006	0.02582800306
74	22.8004736	22.7777107	22.7764713	22.7738487	0.03252114801	0.03251297872	0.03251186206	0.03250851183	21.486632	21.494259	21.492701	21.488539	0.02583780116	0.02582229763	0.02582365228	0.02582817085
75	22.7997336	22.7786239	22.7766879	22.7737788	0.03256161079	0.03255395797	0.03255225602	0.03254776139	21.486632	21.494303	21.492683	21.488116	0.02583780116	0.02582399405	0.02582393342	0.02582831038
76	22.8058976	22.7833908	22.7821069	22.7790365	0.03255565985	0.03254584794	0.03254509018	0.0325404928	21.486632	21.493336	21.492593	21.488005	0.02583780116	0.02582435524	0.02582433572	0.02582862966
77	22.8031576	22.7818651	22.7803694	22.7769254	0.03251004851	0.03249907703	0.03249883667	0.03249458017	21.486632	21.493587	21.492478	21.487718	0.02583780116	0.02582600978	0.0258256076	0.02582966818
78	22.8058356	22.78478	22.7832795	22.7801609	0.03255822682	0.0325451898	0.03254486157	0.03254047292	21.486632	21.49314	21.492275	21.487473	0.02583780116	0.02582523866	0.02582487848	0.02582954979
79	22.7973456	22.7774994	22.775783	22.7732569	0.03253245179	0.03252459964	0.03252395934	0.03252031614	21.486632	21.493038	21.49205	21.487493	0.02583780116	0.02582493792	0.02582559149	0.02583102369
80	22.8050136	22.7840436	22.7824594	22.7801549	0.03255189573	0.03254068648	0.03254153169	0.03253773657	21.486632	21.491872	21.492138	21.486853	0.02583780116	0.02582643171	0.025825638	0.02583171907
81	22.7991916	22.7787235	22.7772091	22.7746804	0.03252561585	0.03251541945	0.03251457529	0.03251028601	21.486632	21.493295	21.491827	21.486148	0.02583780116	0.02582523078	0.02582607035	0.02583214104
82	22.8099416	22.7905389	22.7892367	22.7865981	0.03252870437	0.03251834169	0.0325176488	0.03251423229	21.486632	21.493053	21.491759	21.486097	0.02583780116	0.02582412349	0.02582553461	0.02583236981
83	22.8002756	22.7791483	22.7777429	22.7751554	0.03254786905	0.03253512228	0.03253577085	0.03253140006	21.486632	21.492631	21.491313	21.485618	0.02583780116	0.02582521298	0.02582568146	0.0258320452
84	22.7948876	22.7752961	22.774184	22.771316	0.03254673788	0.03253559397	0.03253511879	0.03253031396	21.486632	21.491817	21.49144	21.48548	0.02583780116	0.02582633808	0.02582550878	0.02583227705
85	22.8015996	22.7812879	22.7801292	22.7774265	0.03255689619	0.03254584344	0.03254436514	0.03254207868	21.486632	21.492883	21.491444	21.484965	0.02583780116	0.02582423518	0.02582597408	0.02583314602
86	22.8129696	22.7943915	22.7927395	22.7903594	0.03257978883	0.03256950379	0.03256800459	0.0325647808	21.486632	21.492475	21.491515	21.483898	0.02583780116	0.02582534936	0.02582603738	0.02583430761
87	22.8190316	22.8002277	22.7986017	22.7960895	0.03252483582	0.03251610799	0.03251467434	0.03251083	21.486632	21.492309	21.491449	21.483775	0.02583780116	0.02582558153	0.02582647239	0.02583432635
88	22.7996836	22.7812787	22.7796334	22.7774505	0.03255424494	0.03254429022	0.03254355621	0.03253898505	21.486632	21.493159	21.491318	21.483725	0.02583780116	0.02582666028	0.02582688737	0.02583446943
89	22.7987856	22.7799107	22.7788354	22.7763531	0.03254755579	0.03253702834	0.03253788826	0.03253217901	21.486632	21.492619	21.491058	21.482767	0.02583780116	0.02582474082	0.02582741477	0.02583508295
90	22.8014436	22.7833414	22.7818448	22.7797574	0.03255259151	0.03254820275	0.03254727304	0.03254306978	21.486632	21.491458	21.490996	21.482718	0.02583780116	0.02582735178	0.02582766888	0.02583644218
91	22.7981876	22.7792941	22.7777575	22.7753972	0.03254441648	0.03253571302	0.03253591936	0.03253053273	21.486632	21.491877	21.491295	21.482224	0.02583780116	0.02582671835	0.02582780478	0.02583653279
92	22.8001036	22.7822017	22.78121	22.7788223	0.03252938775	0.03252109442	0.03252191043	0.03251632312	21.486632	21.491889	21.491	21.481851	0.02583780116	0.02582586902	0.02582764554	0.02583667453
93	22.8054196	22.7882888	22.7871089	22.7844588	0.03254309575	0.03253660346	0.03253571749	0.03253082816	21.486632	21.492276	21.491153	21.481356	0.02583780116	0.0258268808	0.02582744449	0.02583729052
94	22.8147256	22.7967766	22.7950402	22.7931142	0.03254667771	0.03253970427	0.03253996684	0.0325357063	21.486632	21.491702	21.491054	21.480754	0.02583780116	0.02582559791	0.02582721337	0.02583824946
95	22.7985476	22.7803427	22.7787903	22.7764234	0.03253631313	0.03252399992	0.0325238413	0.03251981427	21.486632	21.492399	21.491051	21.480198	0.02583780116	0.02582664801	0.02582764531	0.02583923595
96	22.7961736	22.7793947	22.7781232	22.7761521	0.03252086916	0.03251266295	0.0325135341	0.03250876686	21.486632	21.490739	21.490864	21.479437	0.02583780116	0.02582782441	0.02582818051	0.02583890896
97	22.8017216	22.7831374	22.7814962	22.7794721	0.03252695926	0.03251578218	0.03251534209	0.03251052869	21.486632	21.491118	21.490654	21.478877	0.02583780116	0.02582768139	0.02582784423	0.02583925229
98	22.8084396	22.7910985	22.7900897	22.7875165	0.03256431503	0.03255594637	0.03255548822	0.03254951075	21.486632	21.492105	21.490409	21.478345	0.02583780116	0.02582610459	0.02582774319	0.02583983325
99	22.7997056	22.7831771	22.7815674	22.7793232	0.03254388706	0.03253409049	0.03253381268	0.03252847171	21.486632	21.490667	21.490358	21.477744	0.02583780116	0.02582611346	0.02582840485	0.0258401976
100	22.8029176	22.7855369	22.7847658	22.7822026	0.03253661931	0.03252726911	0.03252670543	0.03252028104	21.486632	21.491933	21.490026	21.476902	0.02583780116	0.02582676096	0.02582792573	0.02584071287
