n	avgPP	avgPF	avgPT	avgPE	sdPP	sdPF	sdPT	sdPE	avgIP	avgIF	avgIT	avgIE	sdIP	sdIF	sdIT	sdIE
0	11.628792	9.380472	9.380472	9.380472	0.009741631195	0.009828440316	0.009828440316	0.009828440316	26.262176	23	23	23	0.01428545712	0	0	0
1	11.63401	10.721305	10.5445875	10.066662	0.009729767213	0.009930494647	0.009850516877	0.009670995035	26.262176	25.067614	24.845495	24.205704	0.01428545712	0.01139312211	0.01022433177	0.00681845829
2	11.63528	11.056031	10.9332045	10.4484795	0.009727570921	0.009855497024	0.009813422429	0.009390274158	26.262176	25.510226	25.354445	24.605003	0.01428545712	0.01262705368	0.01199825062	0.008711310817
3	11.633998	11.2112405	11.120277	10.678623	0.009733834536	0.009814910192	0.00980872047	0.009582806461	26.262176	25.699981	25.599826	25.085702	0.01428545712	0.01311816863	0.01271031164	0.0100464911
4	11.629208	11.2959475	11.2259215	10.8450995	0.009740950263	0.009819646638	0.00980660616	0.00925178567	26.262176	25.830651	25.742351	25.032503	0.01428545712	0.01336343702	0.01308704851	0.01040348295
5	11.63265	11.35729	11.3003225	10.9661035	0.009742225334	0.009798570144	0.009799530499	0.009546344338	26.262176	25.897636	25.834101	25.412707	0.01428545712	0.01357066344	0.01332316725	0.0114604849
6	11.629074	11.391912	11.345028	11.0598525	0.009741303344	0.009789032157	0.009796751676	0.009470478095	26.262176	25.945172	25.89856	25.456669	0.01428545712	0.01368695474	0.01348641936	0.0116468741
7	11.635434	11.432791	11.3918485	11.138315	0.009724631945	0.009759638148	0.009772721635	0.009422325793	26.262176	25.98297	25.945165	25.509054	0.01428545712	0.01373469732	0.01359961452	0.01189395359
8	11.62781	11.4467175	11.410846	11.1927805	0.009733851126	0.00977877788	0.009776177614	0.009633952909	26.262176	26.033439	25.982196	25.721745	0.01428545712	0.01380746515	0.01368597895	0.01259054822
9	11.634938	11.4727085	11.4408085	11.2450365	0.0097314511	0.009773018401	0.009772248851	0.009601618577	26.262176	26.054305	26.010069	25.748181	0.01428545712	0.01385184014	0.01375184117	0.01271299005
10	11.624636	11.475854	11.4447775	11.269833	0.009756678042	0.00979230367	0.009797321728	0.009630691668	26.262176	26.071188	26.033799	25.78787	0.01428545712	0.01389846829	0.01380645929	0.01285747001
11	11.633656	11.4987955	11.471413	11.317297	0.009734916557	0.009768253741	0.009768177049	0.009615272221	26.262176	26.090459	26.05261	25.824998	0.01428545712	0.01392950732	0.01385136731	0.0129863335
12	11.629088	11.5064025	11.4817865	11.342289	0.009733501779	0.009764623923	0.009762115793	0.009628146819	26.262176	26.106517	26.069437	25.86427	0.01428545712	0.01395765885	0.01388831351	0.01311311486
13	11.635462	11.518893	11.496328	11.3696405	0.009724218808	0.009755631262	0.00975381161	0.009628458812	26.262176	26.115742	26.083	25.893961	0.01428545712	0.01398104156	0.01391745935	0.01322172712
14	11.631184	11.5240315	11.502649	11.3854415	0.009734918665	0.009765756511	0.00976360948	0.009654473939	26.262176	26.129871	26.095634	25.924035	0.01428545712	0.01400075834	0.01394488096	0.01332171535
15	11.627886	11.526825	11.5066945	11.400811	0.009736201575	0.00976064517	0.009761791214	0.009670377296	26.262176	26.132158	26.105637	25.951642	0.01428545712	0.01402821355	0.0139675649	0.01341944977
16	11.630214	11.537084	11.5182265	11.41849	0.009723034018	0.009745185339	0.009745531794	0.009666989028	26.262176	26.142352	26.114801	25.973868	0.01428545712	0.01403889691	0.01398774604	0.01350088215
17	11.635352	11.5450655	11.52767	11.435813	0.009727826532	0.009753488511	0.009754975161	0.009688291492	26.262176	26.144979	26.122984	25.992142	0.01428545712	0.01405755473	0.01400531986	0.01356798589
18	11.635294	11.550137	11.5339015	11.4468065	0.009725267917	0.009752203807	0.009752449346	0.009690290178	26.262176	26.156926	26.130847	26.009345	0.01428545712	0.01405908255	0.01402291438	0.01362476572
19	11.626512	11.547023	11.5316405	11.4497665	0.009745491521	0.009763008027	0.0097639406	0.009712585234	26.262176	26.159158	26.137317	26.023757	0.01428545712	0.01407533362	0.01403543044	0.01367603666
20	11.636986	11.560365	11.545695	11.469428	0.009729757642	0.009746490818	0.009745757746	0.009696464455	26.262176	26.164206	26.143354	26.035356	0.01428545712	0.01408854954	0.01404844832	0.01371604232
21	11.633354	11.5591785	11.5450065	11.4724645	0.009738087736	0.009756943181	0.009757635927	0.009712333121	26.262176	26.168597	26.148809	26.047857	0.01428545712	0.01409814441	0.01406137718	0.01375522386
22	11.639864	11.56941	11.5555145	11.488028	0.009730751226	0.00975027428	0.009749138341	0.009709814029	26.262176	26.177396	26.153617	26.057644	0.01428545712	0.01410792676	0.01407194942	0.01378914545
23	11.621974	11.5571785	11.543939	11.478837	0.009764023365	0.009776145059	0.009780838882	0.009744014351	26.262176	26.174501	26.158554	26.067586	0.01428545712	0.01411014798	0.0140814233	0.01382101472
24	11.629354	11.5655845	11.5527555	11.491838	0.0097324316	0.009748957873	0.009747173573	0.009717010296	26.262176	26.182693	26.162451	26.075564	0.01428545712	0.01412514061	0.01409254943	0.01384657922
25	11.639108	11.5776035	11.5647635	11.507364	0.009722303573	0.009737235444	0.009738979984	0.009706812645	26.262176	26.183707	26.165987	26.08256	0.01428545712	0.01412444224	0.01409930915	0.01386644522
26	11.633262	11.57417	11.5626275	11.5069365	0.009736979647	0.009751341874	0.009753085809	0.00972390406	26.262176	26.185212	26.169611	26.089537	0.01428545712	0.01413031962	0.01410774982	0.01388109864
27	11.629708	11.572369	11.5613545	11.510433	0.009742280906	0.009756424048	0.00975911411	0.009729998646	26.262176	26.18827	26.173333	26.095342	0.01428545712	0.01413987368	0.01411476748	0.01390168024
28	11.630472	11.5753145	11.564308	11.5136215	0.009736339256	0.009751160882	0.00975259776	0.009730895648	26.262176	26.192457	26.175752	26.102683	0.01428545712	0.01414550174	0.01412073796	0.01392005021
29	11.633828	11.580112	11.5699875	11.521532	0.009736183996	0.009750265083	0.00974890735	0.009724475754	26.262176	26.195632	26.178595	26.107228	0.01428545712	0.01415082676	0.01412474877	0.01393733174
30	11.637666	11.5864685	11.5771135	11.529192	0.009728271631	0.009737776622	0.009737402882	0.0097182179	26.262176	26.196117	26.181323	26.112472	0.01428545712	0.01415468838	0.01413155799	0.01395277907
31	11.63379	11.5837325	11.5743345	11.527873	0.009729711723	0.00974201617	0.009742798105	0.009725359078	26.262176	26.197633	26.184401	26.117986	0.01428545712	0.01416229034	0.01413654335	0.01396723836
32	11.633406	11.584438	11.575745	11.5321595	0.009735917415	0.009747711266	0.009748609282	0.009727940696	26.262176	26.19976	26.186694	26.122175	0.01428545712	0.01416376261	0.01414127102	0.01397753179
33	11.62688	11.580643	11.5708885	11.530095	0.009731116677	0.009740839721	0.009743119444	0.009723770656	26.262176	26.20285	26.189249	26.126406	0.01428545712	0.01416687486	0.0141464819	0.01399207615
34	11.630168	11.5845135	11.576449	11.536954	0.009727136692	0.009741682874	0.009737978824	0.009719741674	26.262176	26.208807	26.190826	26.129996	0.01428545712	0.01416626564	0.01415050659	0.01400212286
35	11.63192	11.587206	11.5792955	11.5392175	0.009735949036	0.009750758171	0.009749196183	0.009733119812	26.262176	26.207432	26.192883	26.133459	0.01428545712	0.01417389476	0.01415293909	0.01401173373
36	11.632618	11.5895765	11.5822375	11.5447565	0.009734249701	0.009742416841	0.009743679253	0.009729706367	26.262176	26.205233	26.194643	26.136821	0.01428545712	0.01417823856	0.01415720377	0.01402162194
37	11.630146	11.5882765	11.5801975	11.5432215	0.009742274633	0.009751151335	0.009751341145	0.009737399014	26.262176	26.207261	26.196187	26.139595	0.01428545712	0.0141821307	0.01416061679	0.01403066482
38	11.636898	11.5962255	11.5873355	11.5528305	0.009717539861	0.009730042422	0.009731316292	0.009713475497	26.262176	26.210147	26.197631	26.143301	0.01428545712	0.0141831572	0.01416308195	0.01403876255
39	11.630268	11.590915	11.5836675	11.549251	0.009737755871	0.009746804341	0.009746672311	0.009732582934	26.262176	26.211778	26.199255	26.146198	0.01428545712	0.0141842992	0.01416613626	0.01404573136
40	11.633138	11.5944615	11.586852	11.5536685	0.009734300573	0.009743381387	0.00974424747	0.009729389871	26.262176	26.211587	26.200468	26.148941	0.01428545712	0.01418759865	0.01416976721	0.0140531553
41	11.63327	11.59571	11.588606	11.5564355	0.009717730441	0.009729436098	0.00972877005	0.009717196583	26.262176	26.213556	26.201676	26.151799	0.01428545712	0.01418705979	0.01417254723	0.01405973148
42	11.627266	11.5914885	11.58424	11.5517645	0.009735767972	0.009746154017	0.009744642867	0.009734439076	26.262176	26.215813	26.20318	26.154361	0.01428545712	0.0141939468	0.01417644441	0.01406568203
43	11.633724	11.5968415	11.5905845	11.5588445	0.009728297263	0.00973458426	0.009735741206	0.009722756506	26.262176	26.214627	26.204693	26.156237	0.01428545712	0.01419522889	0.01417794232	0.01407090683
44	11.634864	11.5994885	11.5919355	11.5614075	0.00972298846	0.00973035667	0.009728894263	0.009721462576	26.262176	26.217089	26.205199	26.158163	0.01428545712	0.01419152314	0.01418062651	0.01407685114
45	11.637308	11.6014395	11.594803	11.564037	0.009720801072	0.009729186985	0.009730040248	0.009719915055	26.262176	26.216531	26.207218	26.16073	0.01428545712	0.01419626847	0.01418194174	0.01408287831
46	11.6319	11.598698	11.5917795	11.563218	0.009737272617	0.009743815365	0.009745721345	0.009733675968	26.262176	26.216984	26.207735	26.162348	0.01428545712	0.01419967968	0.0141842338	0.01408806591
47	11.637156	11.6040365	11.597183	11.5699465	0.009728713535	0.009737335695	0.009738407221	0.00972820157	26.262176	26.219225	26.208954	26.164225	0.01428545712	0.01420213131	0.01418611613	0.01409330131
48	11.631942	11.5984215	11.5919935	11.564252	0.009733411994	0.009742839571	0.009744476171	0.009735914523	26.262176	26.220599	26.210175	26.166484	0.01428545712	0.01420446734	0.01418878695	0.01409798214
49	11.62826	11.5960705	11.5898615	11.5634345	0.009743083229	0.009750154889	0.009753337916	0.009739796253	26.262176	26.219609	26.211263	26.168353	0.01428545712	0.01420317234	0.0141912337	0.01410301081
50	11.637462	11.606624	11.599944	11.5737665	0.009725379046	0.009730477388	0.009733046588	0.009722954491	26.262176	26.220576	26.211856	26.169865	0.01428545712	0.01420688079	0.01419304649	0.01410644703
51	11.634782	11.606115	11.601167	11.57446	0.009726128667	0.009730950405	0.009730065092	0.009719496783	26.262176	26.222994	26.213266	26.171428	0.01428545712	0.0142078828	0.01419490729	0.01411021306
52	11.63861	11.6088095	11.603244	11.577955	0.00971975469	0.009728647198	0.009726515216	0.009721007362	26.262176	26.224795	26.213972	26.173354	0.01428545712	0.01420947319	0.01419703381	0.01411388369
53	11.6356	11.6065635	11.6011925	11.575931	0.009729914349	0.009735603745	0.00973544282	0.009725571272	26.262176	26.224223	26.215081	26.174978	0.01428545712	0.01421068066	0.01419784464	0.01411835885
54	11.633454	11.6045005	11.599484	11.574725	0.009730074921	0.009736920694	0.009736801649	0.009728340559	26.262176	26.225093	26.216332	26.17599	0.01428545712	0.01421236596	0.01419999574	0.01412197579
55	11.62913	11.601177	11.5954435	11.571296	0.00974010274	0.009747670278	0.009746164893	0.00973459983	26.262176	26.228442	26.216967	26.17744	0.01428545712	0.01421258491	0.01420104184	0.01412455978
56	11.630292	11.6021705	11.5969395	11.573565	0.009735278402	0.00973924111	0.009740798464	0.009730158062	26.262176	26.224997	26.217891	26.178738	0.01428545712	0.01421381215	0.01420217664	0.0141275667
57	11.633092	11.6055335	11.600781	11.578204	0.009726143815	0.009732032604	0.009731189853	0.009719870171	26.262176	26.227035	26.218738	26.180288	0.01428545712	0.01421675171	0.01420296932	0.01413069367
58	11.63305	11.6062865	11.601072	11.579191	0.009749515988	0.009753275736	0.009753859057	0.009743868311	26.262176	26.227465	26.219468	26.180702	0.01428545712	0.0142157079	0.01420464864	0.01413302341
59	11.631968	11.605673	11.600812	11.579184	0.009731524665	0.009734380181	0.009734811462	0.009725429448	26.262176	26.229374	26.220304	26.181672	0.01428545712	0.01421418542	0.01420596841	0.01413539435
60	11.634946	11.60826	11.603581	11.581804	0.009728162543	0.009735358956	0.009734802984	0.009724173685	26.262176	26.229608	26.221114	26.183024	0.01428545712	0.01421714839	0.01420708175	0.01413818176
61	11.635826	11.610339	11.60516	11.5848365	0.009734648847	0.009740639294	0.009741445012	0.009729389689	26.262176	26.230186	26.221732	26.184221	0.01428545712	0.01421892899	0.01421019106	0.01414170462
62	11.63433	11.6093	11.6047235	11.5850365	0.009727333203	0.009734722388	0.009734799781	0.009721526528	26.262176	26.230924	26.222163	26.184981	0.01428545712	0.0142213125	0.01421060518	0.01414450715
63	11.63499	11.6089475	11.604269	11.584165	0.009733129869	0.009739164539	0.009740225901	0.009728709097	26.262176	26.230975	26.222606	26.186302	0.01428545712	0.01422049175	0.0142113064	0.0141458445
64	11.633856	11.609757	11.6054095	11.585457	0.009728948154	0.009732851054	0.009729978794	0.009720573652	26.262176	26.232038	26.223347	26.18729	0.01428545712	0.01422259776	0.0142127045	0.01414948348
65	11.63327	11.6083925	11.603513	11.5835885	0.009740342078	0.009747621921	0.009748452908	0.009739354271	26.262176	26.232645	26.223946	26.188177	0.01428545712	0.01422294848	0.01421333766	0.0141517069
66	11.634832	11.611115	11.6069835	11.587262	0.009720377774	0.009726640573	0.009726632145	0.009717164176	26.262176	26.23147	26.224343	26.188288	0.01428545712	0.01422614371	0.01421477968	0.01415346193
67	11.633142	11.609435	11.604933	11.58667	0.009733934519	0.009740754983	0.00974196677	0.009731274753	26.262176	26.231986	26.225134	26.188604	0.01428545712	0.01422461883	0.01421588842	0.0141552832
68	11.626352	11.603298	11.598685	11.580445	0.009754568801	0.009760277776	0.009758713452	0.009747755086	26.262176	26.233328	26.225226	26.189142	0.01428545712	0.01422634521	0.01421670809	0.01415811199
69	11.637642	11.6155775	11.611337	11.5918165	0.009735473076	0.009740934054	0.009739287878	0.009729243785	26.262176	26.233995	26.22525	26.189481	0.01428545712	0.01422716302	0.01421730596	0.0141602183
70	11.635992	11.6123335	11.6078365	11.588711	0.009725956922	0.009733059265	0.009731982593	0.009721300554	26.262176	26.234343	26.226053	26.189522	0.01428545712	0.0142277553	0.01421891232	0.01416371236
71	11.631982	11.609011	11.605231	11.5879865	0.009735320774	0.009742622929	0.009742839961	0.009730236419	26.262176	26.233854	26.226718	26.190141	0.01428545712	0.01422952967	0.01421981089	0.01416497324
72	11.63323	11.6115415	11.6067805	11.589147	0.009737917127	0.009740913182	0.009743313255	0.009729081861	26.262176	26.232795	26.226985	26.19043	0.01428545712	0.01423149754	0.0142214039	0.01416650506
73	11.639604	11.6175635	11.6135415	11.5959885	0.00972595466	0.00973091092	0.009730407657	0.009717437179	26.262176	26.234051	26.227403	26.190865	0.01428545712	0.01423225059	0.01422248033	0.01417021874
74	11.630438	11.608314	11.6049115	11.58833	0.009737307244	0.00974460925	0.009744715149	0.009729535641	26.262176	26.233984	26.227543	26.190608	0.01428545712	0.01423072523	0.01422291632	0.01417147295
75	11.633392	11.6130185	11.6090015	11.5919315	0.009747658525	0.009751795161	0.009751577774	0.009737329519	26.262176	26.235245	26.228351	26.190895	0.01428545712	0.01423257742	0.01422359637	0.01417280329
76	11.639606	11.6182445	11.6150005	11.597852	0.009722527058	0.009727984524	0.00972571992	0.00971231976	26.262176	26.236081	26.228429	26.19076	0.01428545712	0.01423228509	0.01422459786	0.0141758318
77	11.63902	11.6187395	11.6149225	11.598168	0.009713148469	0.009714737924	0.009714790198	0.009698827752	26.262176	26.234775	26.229109	26.18998	0.01428545712	0.01423452728	0.01422601523	0.01417685436
78	11.635272	11.614936	11.6115755	11.5947045	0.009720652275	0.009722066935	0.009722323862	0.009706013078	26.262176	26.23554	26.229791	26.189773	0.01428545712	0.01423390509	0.01422633077	0.01417812405
79	11.630468	11.6111585	11.6068915	11.591206	0.009740597054	0.009742200208	0.009743820836	0.009726356498	26.262176	26.235665	26.229947	26.188888	0.01428545712	0.01423514709	0.01422684602	0.01417956655
80	11.636338	11.616732	11.613065	11.597435	0.009730149131	0.009734213527	0.009734196589	0.009716148801	26.262176	26.236876	26.230434	26.18799	0.01428545712	0.01423601236	0.01422749931	0.01418116769
81	11.633206	11.613929	11.6105445	11.59434	0.009735629628	0.009741190217	0.009739141852	0.009719140611	26.262176	26.23835	26.230757	26.187536	0.01428545712	0.01423539189	0.01422842191	0.0141836511
82	11.629814	11.610911	11.607213	11.5924405	0.00973009551	0.009734458721	0.009734507681	0.009710762401	26.262176	26.23839	26.231142	26.186561	0.01428545712	0.01423746873	0.01422902739	0.01418453183
83	11.629146	11.6096365	11.606666	11.591346	0.009731098092	0.009736879503	0.009735674948	0.009712004989	26.262176	26.237129	26.231032	26.184724	0.01428545712	0.01423861714	0.01422996728	0.01418485534
84	11.633754	11.614809	11.611207	11.595424	0.009739620447	0.009741873573	0.009742086339	0.009714289301	26.262176	26.237226	26.231402	26.182728	0.01428545712	0.01423714408	0.01423025168	0.01418580122
85	11.631128	11.6121345	11.608596	11.5942085	0.009741849036	0.009743752362	0.009740809887	0.009714260778	26.262176	26.239117	26.231672	26.181597	0.01428545712	0.01423766811	0.01423098392	0.01418751086
86	11.629884	11.611784	11.608003	11.5939695	0.009739159796	0.009742722045	0.009742589856	0.009714161216	26.262176	26.237556	26.23217	26.180703	0.01428545712	0.01423724652	0.01423209187	0.01418979247
87	11.633226	11.6150295	11.611321	11.5967795	0.009724270321	0.009729390863	0.009727365426	0.00969738339	26.262176	26.238383	26.232486	26.178563	0.01428545712	0.01424089782	0.01423272499	0.01419095776
88	11.62593	11.607715	11.604419	11.590316	0.009731498846	0.00973664956	0.00973611694	0.009701006985	26.262176	26.23817	26.232838	26.176508	0.01428545712	0.0142399011	0.01423302705	0.01419172177
89	11.631758	11.614052	11.6101605	11.5954705	0.009742933093	0.009745066459	0.009745303627	0.009712059818	26.262176	26.238444	26.232893	26.174009	0.01428545712	0.01424071572	0.0142334159	0.01419221076
90	11.630044	11.611934	11.6088975	11.5948575	0.009735008204	0.009738348604	0.009737259044	0.009699515193	26.262176	26.238884	26.233259	26.171479	0.01428545712	0.01423978339	0.01423448026	0.01419395766
91	11.64021	11.624978	11.62118	11.60732	0.009717341053	0.009718718074	0.009718169393	0.009677004984	26.262176	26.238956	26.233668	26.168884	0.01428545712	0.0142413709	0.01423402632	0.01419454688
92	11.635298	11.6179445	11.6146155	11.6009775	0.009724470535	0.009725608868	0.009727365505	0.009683088694	26.262176	26.239277	26.233699	26.165911	0.01428545712	0.01424134359	0.01423491106	0.01419525193
93	11.63061	11.614303	11.610975	11.597823	0.009741236524	0.00974374383	0.009743599967	0.009695093219	26.262176	26.239526	26.23421	26.16287	0.01428545712	0.01424145442	0.01423492724	0.0141958033
94	11.634918	11.617523	11.613985	11.600891	0.009717405488	0.009721273086	0.00972014985	0.009669455813	26.262176	26.241022	26.234322	26.159894	0.01428545712	0.01424206608	0.0142360274	0.01419717153
95	11.634302	11.618134	11.6149095	11.600849	0.009728498473	0.009733060039	0.009733384217	0.009678871727	26.262176	26.240144	26.234459	26.156698	0.01428545712	0.01424288342	0.01423653022	0.01419806443
96	11.63742	11.620869	11.617609	11.603469	0.009723186019	0.009728292681	0.00972781257	0.009670652615	26.262176	26.24015	26.23525	26.15257	0.01428545712	0.01424218147	0.01423708547	0.01419834266
97	11.635866	11.620133	11.61735	11.6036235	0.009723585195	0.009723980096	0.009723121467	0.009661914823	26.262176	26.240426	26.235288	26.148315	0.01428545712	0.01424338462	0.01423748349	0.01419790992
98	11.639268	11.623566	11.6197535	11.6068245	0.009722393556	0.009725336039	0.009725660417	0.009658385525	26.262176	26.240824	26.235583	26.144001	0.01428545712	0.01424417896	0.0142387044	0.01419835596
99	11.640748	11.6252185	11.6220915	11.608906	0.009722526235	0.009726161403	0.009725224837	0.009653417907	26.262176	26.241441	26.236103	26.139276	0.01428545712	0.01424425574	0.01423823207	0.01419931637
100	11.63179	11.6160335	11.6131625	11.5995415	0.009734560073	0.009736602213	0.009737610149	0.009661294407	26.262176	26.240735	26.236769	26.134847	0.01428545712	0.01424452792	0.01423956258	0.01420069301
