n	avgPP	avgPF	avgPT	avgPE	sdPP	sdPF	sdPT	sdPE	avgIP	avgIF	avgIT	avgIE	sdIP	sdIF	sdIT	sdIE
0	12.5545544	11.249508	11.249508	11.249508	0.008277084644	0.008505964948	0.008505964948	0.008505964948	34.655406	32	32	32	0.01158831431	0	0	0
1	12.5571604	11.8370692	11.7562808	11.5194804	0.008275202604	0.008642021197	0.008657762793	0.008761103029	34.655406	33.396508	33.259687	32.903131	0.01158831431	0.008073588161	0.007322902473	0.004866053423
2	12.5543964	12.0619212	11.9884472	11.710382	0.008278270866	0.008525891151	0.008557590635	0.008342313389	34.655406	33.786563	33.677803	32.999735	0.01158831431	0.009378708453	0.008825044984	0.006056174335
3	12.5567884	12.1786172	12.1173708	11.8367204	0.00825158784	0.008468956959	0.00847702343	0.008212209117	34.655406	34.008918	33.898777	33.183181	0.01158831431	0.009946858497	0.009554843534	0.00691641821
4	12.5564424	12.2502656	12.1987176	11.9339328	0.008274489972	0.0084487822	0.008462846528	0.008221742679	34.655406	34.128499	34.038359	33.383337	0.01158831431	0.0102994579	0.009979632805	0.007603709494
5	12.5564844	12.298578	12.2550844	12.003464	0.008274086338	0.008409213453	0.008425473288	0.008326778994	34.655406	34.2079	34.137101	33.631175	0.01158831431	0.01053605442	0.0102601763	0.0081629048
6	12.5534664	12.3307276	12.2911948	12.0638056	0.008267448419	0.008395815772	0.008405726734	0.008330194695	34.655406	34.282104	34.209382	33.766714	0.01158831431	0.01069493125	0.01046228166	0.008694304463
7	12.5549804	12.3597564	12.3243856	12.1137868	0.00828080167	0.008387527233	0.008398547668	0.008414532325	34.655406	34.321476	34.262089	33.928817	0.01158831431	0.01079249782	0.01060876243	0.009152211507
8	12.5619824	12.385922	12.3555764	12.160644	0.00825690419	0.008356647943	0.008365350418	0.008424419126	34.655406	34.357185	34.304261	34.03242	0.01158831431	0.0108882484	0.01072245156	0.009535300008
9	12.5557884	12.3981204	12.3707208	12.19224	0.008274576929	0.008361972317	0.008369559458	0.008270496039	34.655406	34.385796	34.337877	33.959425	0.01158831431	0.01095221705	0.01081216916	0.009342859981
10	12.5498064	12.411094	12.38488	12.2210936	0.008285230374	0.008357348486	0.008369844806	0.008324198699	34.655406	34.40784	34.365225	34.052414	0.01158831431	0.01101920126	0.0108858948	0.009696020206
11	12.5541204	12.422076	12.3988428	12.2477844	0.008282889828	0.008346523481	0.008355387823	0.008358041243	34.655406	34.42658	34.387967	34.136016	0.01158831431	0.01106477989	0.01094785293	0.009995018348
12	12.5547964	12.4335648	12.4112496	12.2694744	0.008274315288	0.00833615627	0.008346079148	0.00826712942	34.655406	34.444122	34.407829	34.109046	0.01158831431	0.01110943557	0.0109989046	0.009898111093
13	12.5592664	12.4435872	12.421914	12.2903472	0.008271199597	0.008351218838	0.008347264861	0.008323830915	34.655406	34.475768	34.425525	34.178843	0.01158831431	0.01114910216	0.01104255637	0.01014235156
14	12.5554984	12.450052	12.4302528	12.3069236	0.008268990452	0.008319046907	0.008333724654	0.00834189864	34.655406	34.471545	34.441182	34.241994	0.01158831431	0.01115747086	0.01107955744	0.01035555438
15	12.5592344	12.4593632	12.4401528	12.3254316	0.008268183196	0.008325047958	0.008329603133	0.008283031863	34.655406	34.487513	34.453897	34.218654	0.01158831431	0.01119288108	0.01111262696	0.0102900433
16	12.5509604	12.4560648	12.4387492	12.3292516	0.008283986006	0.008338651706	0.008347160851	0.008339386544	34.655406	34.498637	34.466133	34.267244	0.01158831431	0.01121379822	0.0111400247	0.01046435302
17	12.5580904	12.4704312	12.453538	12.35054	0.00825971521	0.008313632372	0.008321669798	0.008282553679	34.655406	34.506098	34.475595	34.266275	0.01158831431	0.01124121322	0.01116683487	0.01044145423
18	12.5556144	12.4727476	12.4575112	12.3615928	0.008266573335	0.008313305141	0.008316809554	0.008297796317	34.655406	34.515434	34.485558	34.302062	0.01158831431	0.01125408323	0.01118924398	0.01058013332
19	12.5491284	12.4688848	12.4550932	12.3636152	0.008285465979	0.008325306144	0.008333783246	0.008335705638	34.655406	34.515917	34.493488	34.330203	0.01158831431	0.01127535647	0.01120895165	0.01068752626
20	12.5591624	12.4837524	12.4698756	12.3825948	0.008259566913	0.008303547706	0.008304688778	0.008288727846	34.655406	34.527891	34.500129	34.332272	0.01158831431	0.01129261808	0.01122776566	0.01067622291
21	12.5560444	12.4844968	12.471068	12.3883036	0.008271529337	0.00830999901	0.008319704347	0.008308159021	34.655406	34.529432	34.50755	34.355489	0.01158831431	0.01130180784	0.01124192303	0.01076578182
22	12.5573844	12.487168	12.4739312	12.3955984	0.008268860997	0.008310843364	0.008313647458	0.00830044941	34.655406	34.537255	34.513073	34.361841	0.01158831431	0.01131875842	0.01125792608	0.01076870417
23	12.5524904	12.4864624	12.4741096	12.3962932	0.008283303846	0.008316579362	0.008319240303	0.008318144002	34.655406	34.542021	34.519094	34.379928	0.01158831431	0.01132982635	0.01127193946	0.01083752704
24	12.5552944	12.4917628	12.480168	12.4086064	0.008275414997	0.008315963574	0.008321900737	0.008308445442	34.655406	34.548267	34.524335	34.386341	0.01158831431	0.01132722879	0.01128397567	0.01084970464
25	12.5516544	12.4892592	12.478396	12.4091976	0.008295364361	0.008328229367	0.008332714444	0.008329834682	34.655406	34.546298	34.52896	34.401059	0.01158831431	0.01135111017	0.01129749246	0.01090903562
26	12.5498544	12.49038	12.4799308	12.4122672	0.008301283366	0.008331916006	0.008337698247	0.008328122664	34.655406	34.552235	34.534162	34.406813	0.01158831431	0.01135767474	0.0113088967	0.01091881067
27	12.5520144	12.4941612	12.4841856	12.4203232	0.008282800203	0.008318955878	0.008317574625	0.008313877089	34.655406	34.562973	34.538244	34.417188	0.01158831431	0.01136664077	0.01131961798	0.01096548087
28	12.5565364	12.50221	12.492496	12.4296532	0.008273167293	0.008306349957	0.008304235631	0.008302049808	34.655406	34.56547	34.54251	34.422583	0.01158831431	0.01137917722	0.01132916763	0.01097924892
29	12.5551764	12.5020292	12.4923884	12.4335444	0.008279573129	0.008303390115	0.008307575629	0.008303748001	34.655406	34.562253	34.545596	34.432126	0.01158831431	0.0113743588	0.01133723409	0.01101539438
30	12.5555204	12.5050804	12.495048	12.4407332	0.008278384944	0.008302532583	0.008307581302	0.008297476623	34.655406	34.566701	34.54833	34.437978	0.01158831431	0.01138535416	0.01134609139	0.01102855703
31	12.5541384	12.503716	12.4950456	12.438514	0.008274657938	0.008296198822	0.008300052586	0.008301329063	34.655406	34.568125	34.551704	34.44631	0.01158831431	0.01139196763	0.01135383055	0.01105615503
32	12.5562184	12.5076452	12.49862	12.4447572	0.008269663035	0.008297087638	0.008300348781	0.008298044331	34.655406	34.572083	34.55508	34.451088	0.01158831431	0.01140106542	0.0113607044	0.01106920086
33	12.5596164	12.5126228	12.5039536	12.4519824	0.008270075071	0.008292223441	0.008293497233	0.008295191105	34.655406	34.573597	34.557784	34.458151	0.01158831431	0.0114078852	0.011366845	0.01109337157
34	12.5548404	12.5093844	12.5016632	12.4503848	0.008280928637	0.008306528518	0.008307804037	0.008305543173	34.655406	34.577551	34.560738	34.463422	0.01158831431	0.01141276338	0.01137408224	0.01110725276
35	12.5546964	12.5115988	12.5025524	12.4538756	0.008276429293	0.008294869152	0.008299672462	0.008298482862	34.655406	34.578322	34.563686	34.468279	0.01158831431	0.01141907734	0.01138151526	0.01112014148
36	12.5562444	12.5131748	12.5055996	12.458512	0.008271212758	0.008296103653	0.008298226642	0.00829383199	34.655406	34.581892	34.565659	34.472985	0.01158831431	0.01141670434	0.01138676109	0.01113895306
37	12.5601504	12.5174536	12.5099768	12.4639084	0.008266850229	0.008290568389	0.008294551076	0.008291471917	34.655406	34.581244	34.568372	34.477646	0.01158831431	0.01142786087	0.0113926249	0.01115083132
38	12.5582784	12.516498	12.5089708	12.4657276	0.008261338748	0.008285810629	0.008285366906	0.008282188018	34.655406	34.585675	34.570452	34.482859	0.01158831431	0.01142930399	0.01139643687	0.01116680731
39	12.5563364	12.5175616	12.5105332	12.4667272	0.008261528233	0.0082772066	0.008283824905	0.008278156811	34.655406	34.583924	34.572758	34.487198	0.01158831431	0.01143450911	0.01140110185	0.01117802256
40	12.5536324	12.515378	12.50801	12.4644096	0.008279832215	0.008297015753	0.008301518659	0.008302827971	34.655406	34.586865	34.574525	34.491624	0.01158831431	0.01143539026	0.01140714879	0.01119239984
41	12.5536044	12.5153456	12.5072608	12.4670408	0.00829020063	0.008314293448	0.008314664863	0.008310939239	34.655406	34.593379	34.576192	34.494432	0.01158831431	0.01144107327	0.01141090263	0.01120216865
42	12.5613584	12.5232404	12.5164136	12.4746044	0.008258303982	0.00828058515	0.008279476487	0.008278905032	34.655406	34.594206	34.577034	34.497871	0.01158831431	0.01144435849	0.01141528966	0.01121186305
43	12.5627244	12.5262804	12.518596	12.4792664	0.008257398808	0.008275813438	0.008279175684	0.008274970279	34.655406	34.593426	34.579085	34.501701	0.01158831431	0.01144703794	0.01141859052	0.01122338853
44	12.5617524	12.5261916	12.520294	12.481564	0.008248281605	0.008264983224	0.008264653967	0.008263754066	34.655406	34.592599	34.581065	34.50582	0.01158831431	0.01144897583	0.01142240217	0.01123201475
45	12.5558324	12.5220416	12.5157716	12.4773948	0.008270007451	0.00828511723	0.0082882152	0.008286106181	34.655406	34.593979	34.582584	34.509212	0.01158831431	0.01145416925	0.01142619549	0.01124282721
46	12.5555084	12.5219068	12.51556	12.4784672	0.00826676967	0.008285743744	0.008284401998	0.008285414517	34.655406	34.597517	34.58404	34.511483	0.01158831431	0.01145860668	0.01143067653	0.01125097246
47	12.5579564	12.5251604	12.5187724	12.482962	0.008273925028	0.008289328795	0.008291264079	0.008288069337	34.655406	34.596136	34.585781	34.51414	0.01158831431	0.0114600062	0.01143328493	0.01125839168
48	12.5533824	12.5210984	12.5148576	12.4784244	0.008281260184	0.008299085054	0.008300069572	0.008305508816	34.655406	34.599691	34.587304	34.517391	0.01158831431	0.011459443	0.01143634119	0.01126666897
49	12.5547984	12.5227168	12.5161888	12.483982	0.00828511636	0.00830452402	0.008307081549	0.008303846211	34.655406	34.600447	34.588502	34.520195	0.01158831431	0.01146583828	0.01143970979	0.0112742872
50	12.5610624	12.5293428	12.52383	12.4900276	0.008263009395	0.0082796531	0.008279660267	0.008282239844	34.655406	34.602392	34.589835	34.522584	0.01158831431	0.01146920359	0.01144333436	0.0112823227
51	12.5547484	12.524182	12.5187528	12.4856356	0.008280358492	0.008294948181	0.008294512104	0.008294767382	34.655406	34.60311	34.590832	34.525029	0.01158831431	0.01146843325	0.01144562061	0.01128999382
52	12.5581024	12.527116	12.521394	12.4891456	0.008264509805	0.008282962306	0.008285615177	0.008284761568	34.655406	34.604195	34.592485	34.527514	0.01158831431	0.01147240149	0.01144853007	0.0112962335
53	12.5583744	12.5292412	12.5240444	12.493028	0.008258163795	0.008271152245	0.008271527545	0.008271326201	34.655406	34.603728	34.593856	34.529735	0.01158831431	0.01147373901	0.01145138805	0.01130172322
54	12.5590684	12.529746	12.5243768	12.4935592	0.008258719326	0.00827367015	0.008275501759	0.00827305728	34.655406	34.604545	34.594897	34.531768	0.01158831431	0.01147693069	0.01145334225	0.01130708628
55	12.5667764	12.538362	12.533312	12.503746	0.008249183023	0.00826227333	0.00826071084	0.008256173073	34.655406	34.608775	34.596145	34.53403	0.01158831431	0.01147777243	0.01145613651	0.01131392633
56	12.5550744	12.5261532	12.52124	12.4916292	0.008279346062	0.008299916287	0.008298474289	0.008298678796	34.655406	34.609798	34.5974	34.536338	0.01158831431	0.01148077804	0.01145868459	0.01132017117
57	12.5515244	12.5242656	12.5194476	12.489328	0.008283401071	0.008299454659	0.008299456726	0.008300327938	34.655406	34.610024	34.598219	34.5388	0.01158831431	0.01148252999	0.01146107301	0.01132486846
58	12.5517244	12.5254944	12.5200908	12.4904092	0.008282589652	0.008296735766	0.008299155113	0.008299452094	34.655406	34.610011	34.599127	34.540658	0.01158831431	0.01148343575	0.01146233037	0.01132997634
59	12.5570024	12.5300816	12.525312	12.4970804	0.008272704117	0.008283573931	0.008286328858	0.008282858404	34.655406	34.608044	34.5998	34.542121	0.01158831431	0.01148322347	0.01146512989	0.01133501761
60	12.5556004	12.5290136	12.5243076	12.4984584	0.008272999607	0.008287342583	0.008287211668	0.008286726902	34.655406	34.610709	34.600804	34.543786	0.01158831431	0.01148564011	0.01146714726	0.01133858768
61	12.5533564	12.5291124	12.5242536	12.496968	0.008273046901	0.008286166104	0.008287872004	0.008287296625	34.655406	34.612016	34.601914	34.545395	0.01158831431	0.01148913093	0.01146957632	0.01134231742
62	12.5598064	12.5353968	12.5306772	12.503676	0.008251021821	0.008265088647	0.008266360816	0.008266328243	34.655406	34.611127	34.602533	34.54723	0.01158831431	0.01149095216	0.01147105757	0.01134655238
63	12.5568344	12.5321776	12.5278148	12.5006548	0.008271980764	0.008286589777	0.008286804152	0.00828746533	34.655406	34.613349	34.603202	34.548947	0.01158831431	0.01149057491	0.01147167281	0.01135133653
64	12.5594584	12.5344916	12.5304196	12.5042084	0.008261412282	0.008276545246	0.008278108151	0.008278461086	34.655406	34.612824	34.604204	34.550561	0.01158831431	0.01149469487	0.01147386206	0.01135612992
65	12.5579144	12.5341624	12.529972	12.5039468	0.008257025654	0.008273990205	0.008273348767	0.008270985881	34.655406	34.616281	34.60488	34.551917	0.01158831431	0.01149165118	0.01147610052	0.01135928923
66	12.5566444	12.5308476	12.5266488	12.5019428	0.008265919913	0.008280938225	0.00828202609	0.008278818696	34.655406	34.613499	34.605567	34.553077	0.01158831431	0.01149569264	0.01147754979	0.011363264
67	12.5619384	12.5396664	12.5353172	12.5104712	0.008256658495	0.00826622803	0.008268271337	0.008267199849	34.655406	34.613901	34.606763	34.554703	0.01158831431	0.011497433	0.01147844678	0.01136687585
68	12.5575424	12.5335256	12.5292484	12.5040828	0.008270282288	0.008285236252	0.008287508421	0.008285490379	34.655406	34.615354	34.607276	34.555887	0.01158831431	0.01149752136	0.01148119085	0.01137018287
69	12.5583264	12.5357608	12.5318152	12.5080888	0.008268704755	0.008282513219	0.008280029602	0.008276691287	34.655406	34.618027	34.607763	34.556787	0.01158831431	0.01149948654	0.01148274652	0.01137252584
70	12.5585784	12.5349052	12.5314668	12.5074716	0.008277560441	0.008290017204	0.008290276495	0.008287473814	34.655406	34.617923	34.608677	34.558089	0.01158831431	0.01150207603	0.01148429175	0.01137660306
71	12.5607464	12.5382624	12.5343952	12.5114552	0.008250528903	0.008264509851	0.00826396565	0.008260221837	34.655406	34.618436	34.609268	34.559073	0.01158831431	0.01150389293	0.01148614197	0.01138004156
72	12.5592064	12.5377616	12.5338128	12.5113252	0.008269975923	0.00828193337	0.008281552722	0.008278529656	34.655406	34.619509	34.609707	34.560088	0.01158831431	0.01150385164	0.0114878131	0.01138378245
73	12.5517604	12.5314504	12.5273292	12.5038044	0.008282440922	0.008295394928	0.008294069113	0.008291206331	34.655406	34.618936	34.610668	34.560911	0.01158831431	0.01150231919	0.01148838028	0.01138700753
74	12.5512644	12.5294632	12.5251712	12.5030732	0.008303470376	0.008315364048	0.008318521106	0.008314241856	34.655406	34.618113	34.611118	34.561953	0.01158831431	0.01150536892	0.01149041222	0.01139061948
75	12.5499524	12.5301264	12.5264688	12.50399	0.008296452519	0.008306923038	0.008306486235	0.008303449529	34.655406	34.619486	34.611492	34.562875	0.01158831431	0.01150596353	0.0114915313	0.01139372673
76	12.5524104	12.5311076	12.5271992	12.5066	0.008275519589	0.008286985035	0.008286750457	0.008281000708	34.655406	34.620909	34.612578	34.563515	0.01158831431	0.01150923374	0.01149361825	0.01139706642
77	12.5521124	12.5319084	12.5291624	12.5080116	0.008280770296	0.008292895479	0.008294679083	0.008289921063	34.655406	34.620551	34.612856	34.563854	0.01158831431	0.01150680995	0.01149419568	0.01139878649
78	12.5622044	12.5421512	12.538054	12.5164328	0.008256428688	0.008268038861	0.008268792587	0.008263702021	34.655406	34.620658	34.61298	34.564457	0.01158831431	0.01151106717	0.01149527216	0.01140169908
79	12.5586284	12.5383712	12.5348984	12.5140264	0.008265815459	0.008277736249	0.008276332997	0.008273632151	34.655406	34.622498	34.613461	34.565096	0.01158831431	0.01150910577	0.01149620469	0.01140470971
80	12.5614784	12.5419672	12.5386932	12.5174616	0.008252590624	0.008264951588	0.008264979179	0.008261047708	34.655406	34.621603	34.614053	34.565059	0.01158831431	0.01151250097	0.01149758258	0.0114075959
81	12.5526524	12.5328648	12.5291192	12.50964	0.008277764724	0.008290150282	0.008292101461	0.008284952963	34.655406	34.621992	34.614788	34.565575	0.01158831431	0.01151207572	0.01149955337	0.0114098699
82	12.5632244	12.5441836	12.5400388	12.5217444	0.008250597722	0.008261821586	0.008263700601	0.008252074452	34.655406	34.622914	34.615222	34.565551	0.01158831431	0.01151379352	0.01150024122	0.01141233441
83	12.5530064	12.5347456	12.5311248	12.5109224	0.008281083162	0.008291489576	0.008292112944	0.008284312912	34.655406	34.624149	34.616172	34.566001	0.01158831431	0.01151352908	0.01150135624	0.01141484107
84	12.5614444	12.5424188	12.5390836	12.5193384	0.008248387129	0.008257739638	0.008257867958	0.008250842164	34.655406	34.624377	34.616299	34.566201	0.01158831431	0.01151538397	0.0115030306	0.01141656969
85	12.5518364	12.5323108	12.5288812	12.5094652	0.008277015946	0.008288739561	0.008289303964	0.008279337747	34.655406	34.625252	34.616818	34.566003	0.01158831431	0.01151525212	0.01150309456	0.0114179745
86	12.5527044	12.5344988	12.5308612	12.5116864	0.008281828415	0.00829219573	0.008293787589	0.008285529961	34.655406	34.624617	34.617258	34.565711	0.01158831431	0.01151850447	0.01150428124	0.01142036751
87	12.5544464	12.5366236	12.5336468	12.5152544	0.0082761678	0.008287277634	0.008285712244	0.008269362222	34.655406	34.626154	34.617507	34.565036	0.01158831431	0.01151751431	0.01150458637	0.01142327588
88	12.5549404	12.5370452	12.534486	12.5150224	0.008262685289	0.008271892368	0.008271502365	0.008259615534	34.655406	34.625073	34.618195	34.564971	0.01158831431	0.01151668836	0.01150569523	0.0114252569
89	12.5575864	12.5399076	12.53699	12.5186056	0.008263308894	0.008271623422	0.008272563424	0.008256800075	34.655406	34.624904	34.6182	34.564374	0.01158831431	0.01151890908	0.01150693336	0.01142704205
90	12.5630744	12.5455212	12.5421272	12.523874	0.008278571058	0.008289362845	0.008288427417	0.008272625848	34.655406	34.626693	34.618718	34.564255	0.01158831431	0.01151886371	0.01150794643	0.01142928945
91	12.5557764	12.5392936	12.5359876	12.5177224	0.008264220415	0.008272867947	0.008273929633	0.008258070582	34.655406	34.626349	34.619144	34.563641	0.01158831431	0.0115225502	0.0115085434	0.01143104563
92	12.5587904	12.541426	12.5384568	12.5207424	0.00825774978	0.008267734143	0.008268525011	0.008248994797	34.655406	34.62588	34.619252	34.562621	0.01158831431	0.01152084979	0.01150970035	0.0114329128
93	12.5529604	12.5355308	12.53262	12.5137336	0.00829851503	0.008306080425	0.008306346798	0.008286311966	34.655406	34.626977	34.619855	34.561649	0.01158831431	0.01152237465	0.01151090784	0.01143487306
94	12.5576504	12.539884	12.5369284	12.5191748	0.008273149368	0.0082848502	0.008285687634	0.008265017751	34.655406	34.62675	34.619976	34.559857	0.01158831431	0.01152259796	0.01151182874	0.01143729533
95	12.5576444	12.5417036	12.5383476	12.5218504	0.008267160363	0.008273869663	0.008277519639	0.008248503073	34.655406	34.626529	34.620339	34.558331	0.01158831431	0.01152416181	0.01151236513	0.01144028773
96	12.5558204	12.5385076	12.5353068	12.5183	0.008276337523	0.008282851115	0.008284038944	0.008253333622	34.655406	34.627429	34.620882	34.556655	0.01158831431	0.01152311061	0.01151306437	0.01144135093
97	12.5616264	12.544574	12.5414484	12.524314	0.008256545375	0.008269284105	0.008267465474	0.008236518186	34.655406	34.62954	34.620941	34.55449	0.01158831431	0.01152426098	0.01151356315	0.01144249828
98	12.5571364	12.5402728	12.5374172	12.5209712	0.008274884958	0.008283434422	0.008283681109	0.008249737297	34.655406	34.628907	34.621278	34.552698	0.01158831431	0.01152577189	0.01151445472	0.0114438106
99	12.5540344	12.5370504	12.533794	12.5172388	0.008289756439	0.008300608711	0.008301046605	0.008266386561	34.655406	34.628081	34.621395	34.550527	0.01158831431	0.01152637487	0.01151542949	0.01144462934
100	12.5514364	12.5356904	12.5326836	12.51704	0.008284076541	0.008294709687	0.008293664943	0.008254790025	34.655406	34.629646	34.621774	34.54802	0.01158831431	0.01152609634	0.01151609465	0.01144588888
