n	avgPP	avgPF	avgPT	avgPE	sdPP	sdPF	sdPT	sdPE	avgIP	avgIF	avgIT	avgIE	sdIP	sdIF	sdIT	sdIE
0	19.87381	14.99526	14.99526	14.99526	0.01861331394	0.01823533104	0.01823533104	0.01823533104	28.483635	26	26	26	0.02099874381	0	0	0
1	19.885126	18.5145244	18.233056	17.2804344	0.01861181069	0.01850953512	0.01806870153	0.01655116299	28.483635	27.785488	27.622985	26.838603	0.02099874381	0.018669812	0.01762022444	0.01325479874
2	19.882704	19.0727364	18.9285564	18.1547148	0.01860228333	0.01854335981	0.01837570757	0.01709595096	28.483635	28.073353	28.001038	27.560786	0.02099874381	0.01972544074	0.01930626305	0.01634148194
3	19.879092	19.301986	19.20788	18.6503612	0.01860296567	0.01853928192	0.01847693582	0.01735814092	28.483635	28.175195	28.14626	27.772059	0.02099874381	0.02011265525	0.01988539547	0.01772526037
4	19.882016	19.4324156	19.362932	18.9544	0.01860605648	0.01857063032	0.01851887414	0.01773879062	28.483635	28.254437	28.22137	28.011465	0.02099874381	0.02031516696	0.02016925895	0.01875646915
5	19.881752	19.5153392	19.4599084	19.1502872	0.01860987183	0.01858451905	0.01854876799	0.01787818627	28.483635	28.300839	28.270713	28.059264	0.02099874381	0.02045660214	0.02033641777	0.01912659942
6	19.871298	19.557826	19.5128892	19.269428	0.0186111708	0.01857913063	0.01855991631	0.01803331251	28.483635	28.321905	28.304419	28.122745	0.02099874381	0.02054208911	0.02044876603	0.01947574762
7	19.88707	19.6158212	19.5768268	19.3781868	0.01861079989	0.01858855573	0.01857167938	0.01816094997	28.483635	28.344614	28.327641	28.190451	0.02099874381	0.02060011691	0.02052869924	0.01978391255
8	19.876218	19.639472	19.6071244	19.4449068	0.01860341436	0.01857890212	0.0185679275	0.01826141681	28.483635	28.360565	28.346288	28.246146	0.02099874381	0.02065682961	0.02058902046	0.0200266856
9	19.887224	19.672786	19.6440268	19.506412	0.01861187888	0.01860140382	0.01858589058	0.01835260879	28.483635	28.38599	28.360101	28.27913	0.02099874381	0.02067835661	0.02063364799	0.02019816914
10	19.884716	19.6938704	19.6666956	19.5503072	0.01861963096	0.01861353962	0.01859769691	0.01840896375	28.483635	28.396173	28.373002	28.306674	0.02099874381	0.02071405705	0.02067062451	0.02033041768
11	19.881088	19.7046084	19.6822208	19.5789292	0.01860139157	0.01858588842	0.01858434996	0.01843816953	28.483635	28.392938	28.382586	28.329099	0.02099874381	0.02074092483	0.02070352737	0.02043685971
12	19.886162	19.7239208	19.7028012	19.610938	0.01858548843	0.01857181722	0.01856569073	0.01844740593	28.483635	28.403886	28.390699	28.344985	0.02099874381	0.02076572506	0.02072724244	0.02050510819
13	19.88438	19.7332588	19.7131148	19.630542	0.0185972748	0.01858332659	0.01858197481	0.01847575169	28.483635	28.405141	28.397646	28.35414	0.02099874381	0.02078010821	0.02074874883	0.02054157769
14	19.872844	19.7322312	19.7138972	19.6416364	0.01859998455	0.01858973447	0.01858439871	0.01849649861	28.483635	28.416239	28.404694	28.364928	0.02099874381	0.02079229347	0.02076647231	0.02059269128
15	19.872632	19.74383	19.7270208	19.6608028	0.01861496562	0.01860516969	0.01860256928	0.01852696222	28.483635	28.41658	28.408726	28.373251	0.02099874381	0.02080948253	0.02078094411	0.02062879166
16	19.881224	19.760988	19.7461996	19.684508	0.01859564692	0.01858345641	0.01858191889	0.01851854118	28.483635	28.41782	28.412657	28.379445	0.02099874381	0.02082033037	0.02079534006	0.02065617039
17	19.879602	19.7636192	19.7482164	19.6917772	0.01862379406	0.01861572761	0.01861364518	0.01856062807	28.483635	28.424084	28.417403	28.386239	0.02099874381	0.02082953349	0.02080710433	0.02068466718
18	19.883406	19.7743464	19.7601832	19.7064144	0.01860447803	0.01860034797	0.01859747019	0.01854735904	28.483635	28.429353	28.420304	28.391718	0.02099874381	0.02083762328	0.02081978735	0.02070762129
19	19.874394	19.7705444	19.7568884	19.7079992	0.01861897459	0.01861127424	0.01860909117	0.01856717477	28.483635	28.432043	28.423553	28.396819	0.02099874381	0.02084650941	0.02082840761	0.02072708049
20	19.881994	19.7822564	19.7698744	19.7244048	0.01860731644	0.01859632695	0.0185939353	0.01855512349	28.483635	28.433553	28.426423	28.401081	0.02099874381	0.02085820858	0.02083725948	0.02074266889
21	19.872326	19.7766556	19.7654344	19.7217696	0.0186129019	0.01860773911	0.01860511336	0.0185674232	28.483635	28.435797	28.429028	28.404612	0.02099874381	0.02086581805	0.02084480172	0.02075888208
22	19.884202	19.7939376	19.7811364	19.7421632	0.01858460485	0.01857826357	0.01857731751	0.0185451118	28.483635	28.438047	28.430828	28.408374	0.02099874381	0.02086529203	0.02085221371	0.02077173074
23	19.880774	19.7969312	19.7857112	19.7444624	0.01860853319	0.01860281085	0.0186024219	0.01857055492	28.483635	28.438739	28.432814	28.410808	0.02099874381	0.02087563681	0.02085877208	0.0207816129
24	19.879706	19.7959728	19.7852968	19.748438	0.01861164017	0.01860349626	0.01860311033	0.01857447861	28.483635	28.440966	28.434871	28.41426	0.02099874381	0.02088256377	0.02086320888	0.02079383271
25	19.872298	19.7932888	19.7839464	19.749416	0.01860601291	0.01860031068	0.01859742091	0.01857503901	28.483635	28.446971	28.436958	28.416965	0.02099874381	0.02087852807	0.02086989511	0.02080215304
26	19.882684	19.80571	19.7952664	19.7614064	0.01861731138	0.01860814878	0.01860734516	0.01858267311	28.483635	28.44496	28.438293	28.418438	0.02099874381	0.02088514254	0.02087448803	0.02081057451
27	19.882408	19.8094536	19.8009212	19.7686924	0.01860121365	0.01859363434	0.0185938971	0.01857036943	28.483635	28.444057	28.440154	28.420978	0.02099874381	0.02089291656	0.02087995	0.02081955236
28	19.879122	19.8092456	19.8002804	19.7689152	0.0186250778	0.01861527337	0.01861627596	0.01859765639	28.483635	28.445197	28.441408	28.423289	0.02099874381	0.02089689224	0.02088293941	0.02082554799
29	19.87427	19.80478	19.7957696	19.7662704	0.01860764419	0.01859880026	0.01860145921	0.01858206761	28.483635	28.44515	28.443392	28.425158	0.02099874381	0.0208993098	0.02088766097	0.0208335712
30	19.880496	19.813926	19.8057068	19.7771156	0.01861746129	0.01861190501	0.0186123341	0.01859345682	28.483635	28.446755	28.443951	28.426617	0.02099874381	0.02090170896	0.02088985968	0.02083968338
31	19.877964	19.813172	19.8058468	19.7782008	0.01861480038	0.01860489639	0.01860498735	0.0185845865	28.483635	28.447885	28.445361	28.427926	0.02099874381	0.0209044474	0.02089413855	0.02084616771
32	19.873454	19.8113368	19.8039344	19.7776612	0.01862156652	0.01861367197	0.01861445636	0.01859449239	28.483635	28.449516	28.447033	28.429679	0.02099874381	0.02090666183	0.02089789521	0.02085232809
33	19.885224	19.8240856	19.8173596	19.7915064	0.01860577678	0.01859747797	0.01859904328	0.01857898356	28.483635	28.451882	28.447822	28.430993	0.02099874381	0.02091044502	0.02090150333	0.02085712312
34	19.885168	19.8269448	19.8199496	19.795078	0.01859876972	0.01859429001	0.01859281965	0.01858001655	28.483635	28.455041	28.448497	28.43248	0.02099874381	0.020913365	0.02090468257	0.02086168429
35	19.883802	19.827544	19.82059	19.7961164	0.01862034551	0.0186167355	0.01861451974	0.01859816077	28.483635	28.45737	28.450365	28.433923	0.02099874381	0.02091951776	0.0209078581	0.0208668238
36	19.880442	19.8244336	19.8174508	19.7941452	0.01860661886	0.01860177184	0.01860232031	0.01858904694	28.483635	28.454072	28.450916	28.434679	0.02099874381	0.02091564761	0.02091033885	0.02087113899
37	19.876684	19.822806	19.8166592	19.7946368	0.018616928	0.01861219816	0.01861217617	0.01859766612	28.483635	28.455285	28.451249	28.435931	0.02099874381	0.02091738928	0.02091295635	0.02087610313
38	19.878302	19.826614	19.8191956	19.7984532	0.01860593031	0.01859930774	0.01859901497	0.01858552422	28.483635	28.455845	28.452617	28.436549	0.02099874381	0.02092408649	0.02091566838	0.02087938935
39	19.871054	19.8194256	19.8136236	19.793718	0.0186131509	0.01861085706	0.01860916582	0.0185981175	28.483635	28.457987	28.452667	28.43733	0.02099874381	0.02092083919	0.02091707404	0.02088259297
40	19.881892	19.8317876	19.8258472	19.80424	0.01860976229	0.01860327774	0.01860233098	0.01858890436	28.483635	28.457287	28.452979	28.43806	0.02099874381	0.02092457938	0.02091844844	0.02088562858
41	19.882726	19.8337296	19.827956	19.8073284	0.01860706863	0.01860029566	0.01860014349	0.01858839545	28.483635	28.458507	28.453675	28.438998	0.02099874381	0.02093109543	0.02092104734	0.02088852198
42	19.888898	19.8412112	19.8350688	19.8149868	0.01860305446	0.01859632306	0.01859801459	0.01858536672	28.483635	28.457814	28.454421	28.440161	0.02099874381	0.0209286482	0.02092260116	0.02089196693
43	19.880678	19.8356164	19.8295344	19.8108536	0.01861050713	0.01860515015	0.01860353128	0.01859233257	28.483635	28.460698	28.454838	28.441187	0.02099874381	0.02093077378	0.02092573972	0.02089422005
44	19.877662	19.8324312	19.8259884	19.808766	0.0186102519	0.01860923694	0.01860771009	0.01859665938	28.483635	28.460514	28.455723	28.44222	0.02099874381	0.02093141666	0.02092744194	0.0208965364
45	19.89146	19.8474468	19.8416952	19.8242856	0.01859675787	0.01859201361	0.01859134033	0.01858226628	28.483635	28.459596	28.455984	28.442727	0.02099874381	0.02093460426	0.02092790425	0.02090058712
46	19.874086	19.8302672	19.8248816	19.8079228	0.0186113324	0.01860956707	0.01860877984	0.01859939069	28.483635	28.460939	28.457137	28.443836	0.02099874381	0.02093533026	0.02093058284	0.02090180054
47	19.890222	19.8483012	19.8434744	19.826568	0.01859811122	0.0185921536	0.01859315424	0.01858246207	28.483635	28.461529	28.457393	28.444155	0.02099874381	0.02093559172	0.02093076766	0.02090392175
48	19.880136	19.8389028	19.83495	19.81724	0.01861107544	0.01861043711	0.01860846976	0.01859866118	28.483635	28.463326	28.45847	28.444865	0.02099874381	0.02093514059	0.02093266432	0.02090613196
49	19.878002	19.8385656	19.8331884	19.8173856	0.01860114504	0.0185959754	0.01859508627	0.01858537801	28.483635	28.462582	28.459208	28.445097	0.02099874381	0.02093884742	0.02093415985	0.02090822551
50	19.892786	19.8522904	19.8472076	19.8309668	0.01861715986	0.01861354163	0.01861357394	0.01860289998	28.483635	28.462443	28.459617	28.445636	0.02099874381	0.0209414165	0.02093495858	0.02091070222
51	19.880042	19.8421248	19.8360316	19.8214796	0.01859535491	0.01859202279	0.0185908595	0.01858184584	28.483635	28.464361	28.459867	28.446632	0.02099874381	0.02094067155	0.02093716802	0.02091298523
52	19.88046	19.8409296	19.8365832	19.8213252	0.01860831265	0.01860412324	0.01860339402	0.01859323058	28.483635	28.463732	28.460199	28.447224	0.02099874381	0.02094481649	0.0209377097	0.02091418591
53	19.878778	19.8414928	19.837574	19.8223224	0.01862033965	0.0186166515	0.01861561539	0.01860771572	28.483635	28.464301	28.460315	28.447833	0.02099874381	0.02094497487	0.02093817713	0.02091554659
54	19.883548	19.8458756	19.8420704	19.8277328	0.01860646635	0.01860484526	0.01860455941	0.0185959844	28.483635	28.465667	28.460748	28.448411	0.02099874381	0.02094441798	0.02093953884	0.02091856832
55	19.879304	19.8425432	19.83823	19.8238804	0.01860812246	0.01860293083	0.01860245589	0.01859299474	28.483635	28.464219	28.46145	28.448633	0.02099874381	0.02094744954	0.02094121695	0.02092085283
56	19.885434	19.8499036	19.8456016	19.8326072	0.01860455584	0.01860154867	0.01860250399	0.01859428036	28.483635	28.464502	28.461982	28.449059	0.02099874381	0.02094819668	0.02094219624	0.02092228153
57	19.88054	19.8444472	19.8402648	19.825628	0.0186085029	0.01860842288	0.01860664645	0.01859818925	28.483635	28.467554	28.461931	28.449645	0.02099874381	0.02094664567	0.0209432996	0.02092452015
58	19.87265	19.8384856	19.8344328	19.821034	0.01860895797	0.01860784552	0.01860852701	0.01859944071	28.483635	28.466337	28.462696	28.44964	0.02099874381	0.02094878378	0.02094424604	0.02092441582
59	19.890846	19.857956	19.8534548	19.8402644	0.0186024462	0.01859841114	0.01859726623	0.01858959975	28.483635	28.465875	28.462431	28.449863	0.02099874381	0.0209507186	0.0209451813	0.02092557706
60	19.889948	19.8573496	19.8542516	19.841902	0.01860019022	0.01859893101	0.01859832557	0.01858731903	28.483635	28.466717	28.463177	28.450055	0.02099874381	0.02095372489	0.02094649848	0.02092707737
61	19.878532	19.8455592	19.8417532	19.8289852	0.01860270468	0.01859934898	0.0185991292	0.01858830545	28.483635	28.466789	28.463439	28.450449	0.02099874381	0.02095189902	0.02094732149	0.02092958491
62	19.89032	19.8557728	19.8517296	19.8396116	0.01860082486	0.01859769194	0.01859649993	0.01858749219	28.483635	28.468406	28.463912	28.450292	0.02099874381	0.02095160518	0.02094845157	0.02092933954
63	19.881118	19.8510984	19.8476	19.8349088	0.01859529783	0.01859282521	0.01859175698	0.01858276042	28.483635	28.468283	28.464595	28.450566	0.02099874381	0.02095137435	0.02094911291	0.02093100916
64	19.873362	19.842888	19.83913	19.8268696	0.01860841776	0.01860654393	0.01860533969	0.01859492473	28.483635	28.467535	28.46482	28.450587	0.02099874381	0.02095199684	0.02094982385	0.02093201254
65	19.877258	19.8471648	19.8444304	19.83205	0.01861045785	0.01861025509	0.01860796664	0.01859944433	28.483635	28.467981	28.464863	28.450535	0.02099874381	0.02095438989	0.02095007882	0.0209337188
66	19.882712	19.8524036	19.848974	19.8375668	0.01861255608	0.01860883659	0.01860827858	0.01859933845	28.483635	28.467327	28.46479	28.450586	0.02099874381	0.02095473929	0.02095024889	0.0209349128
67	19.884456	19.8533008	19.8499508	19.8383528	0.01860110748	0.01859742181	0.01859557349	0.01858614622	28.483635	28.468406	28.465231	28.450131	0.02099874381	0.02095508425	0.02095111976	0.02093673259
68	19.878848	19.8495172	19.846502	19.8347276	0.01862516312	0.01862206092	0.01862334253	0.01861454544	28.483635	28.468054	28.46564	28.450222	0.02099874381	0.02095548936	0.02095201237	0.02093767817
69	19.886946	19.8587844	19.8556152	19.8447652	0.0186063043	0.0186050496	0.01860574459	0.01859643056	28.483635	28.468648	28.466119	28.449409	0.02099874381	0.02095640115	0.02095250876	0.02093759527
70	19.88131	19.8526732	19.8493608	19.8381796	0.01859611103	0.01859510577	0.01859451319	0.01858192322	28.483635	28.468559	28.466266	28.449157	0.02099874381	0.02095742772	0.02095324763	0.02093952303
71	19.87635	19.8478784	19.844578	19.8336552	0.01861624472	0.0186118895	0.01861249826	0.01860028657	28.483635	28.468663	28.466585	28.448599	0.02099874381	0.0209576679	0.02095440535	0.02094002452
72	19.876364	19.848332	19.8447868	19.8332296	0.01860869325	0.01860602122	0.01860507373	0.01859384696	28.483635	28.46857	28.466526	28.447997	0.02099874381	0.02095964658	0.02095507689	0.02094141964
73	19.884278	19.8551652	19.8524836	19.8422776	0.01860485493	0.01860525653	0.01860526209	0.01859253858	28.483635	28.469729	28.466602	28.447262	0.02099874381	0.02095791038	0.02095493326	0.02094187266
74	19.881554	19.8551204	19.8521376	19.8408524	0.01862328801	0.01862166942	0.01862059006	0.01860792847	28.483635	28.469243	28.466842	28.446808	0.02099874381	0.02095942149	0.02095545793	0.02094334563
75	19.87128	19.8435024	19.8400936	19.8304564	0.01862266312	0.01862041936	0.01861962327	0.01860779432	28.483635	28.470088	28.466617	28.446013	0.02099874381	0.02095888016	0.02095615574	0.02094382261
76	19.879722	19.8543524	19.8509172	19.8417428	0.01860509709	0.01860161025	0.01860159512	0.01858901903	28.483635	28.469533	28.466654	28.445351	0.02099874381	0.02096073615	0.02095713009	0.02094584184
77	19.88694	19.8600296	19.8572616	19.8472004	0.01861382774	0.01861129364	0.01861024938	0.01859509807	28.483635	28.470237	28.466822	28.444478	0.02099874381	0.02096071474	0.02095776663	0.02094618607
78	19.876988	19.8517064	19.8489624	19.8388756	0.01862023324	0.01861759114	0.0186170734	0.01860046438	28.483635	28.471088	28.467338	28.443837	0.02099874381	0.0209613747	0.02095858689	0.02094747338
79	19.881136	19.85496	19.8517868	19.8434492	0.01861279359	0.01861276706	0.01861113297	0.01859424328	28.483635	28.47108	28.467316	28.442329	0.02099874381	0.02096413728	0.02095916211	0.02094796875
80	19.89036	19.8654824	19.8628812	19.8532676	0.01860458272	0.01860298338	0.01860154755	0.01858323351	28.483635	28.472728	28.467789	28.440972	0.02099874381	0.020962955	0.02096013377	0.0209487492
81	19.884322	19.8585232	19.8551796	19.8461756	0.01861816035	0.01861509164	0.01861552818	0.0185964263	28.483635	28.471274	28.467902	28.439797	0.02099874381	0.02096366919	0.02096058659	0.02094965562
82	19.887556	19.8647684	19.8611792	19.8512976	0.01861453716	0.01861212686	0.01861102198	0.01858997143	28.483635	28.471308	28.468344	28.438237	0.02099874381	0.02096397649	0.02096125849	0.02095074627
83	19.886904	19.8633944	19.8607872	19.8512696	0.01859151939	0.01858999792	0.01858801467	0.01856719183	28.483635	28.472063	28.468619	28.436627	0.02099874381	0.02096367585	0.02096209963	0.02095138038
84	19.882204	19.85799	19.8543168	19.8455128	0.01862131314	0.01861977609	0.01861858981	0.01859352347	28.483635	28.47307	28.468946	28.435041	0.02099874381	0.02096544774	0.02096238922	0.02095220625
85	19.880942	19.857116	19.854478	19.8459112	0.01861941337	0.01861722016	0.0186149467	0.01858946277	28.483635	28.472535	28.468975	28.432679	0.02099874381	0.02096618368	0.02096254479	0.02095252781
86	19.878158	19.8548532	19.852218	19.8429276	0.01861124316	0.01860945728	0.01860854042	0.01858141926	28.483635	28.471949	28.46918	28.430807	0.02099874381	0.02096384734	0.02096270081	0.02095348912
87	19.874854	19.8519524	19.8489232	19.8394256	0.01860257046	0.01860076205	0.01860072365	0.0185712198	28.483635	28.472063	28.469049	28.428307	0.02099874381	0.02096613933	0.02096333267	0.02095381104
88	19.884068	19.8610148	19.8586436	19.8499256	0.01858751989	0.01858583648	0.01858383174	0.01855401764	28.483635	28.472301	28.469267	28.426277	0.02099874381	0.02096744106	0.02096342791	0.02095419245
89	19.88631	19.8633092	19.8609824	19.851926	0.01861273853	0.01861074847	0.01860982107	0.01857778406	28.483635	28.472494	28.469363	28.423555	0.02099874381	0.02096499887	0.02096438995	0.0209542175
90	19.87915	19.855686	19.8530308	19.8444748	0.01861289265	0.01861019938	0.01860818242	0.01857474827	28.483635	28.472615	28.469426	28.421006	0.02099874381	0.02096613553	0.02096438463	0.02095521296
91	19.890196	19.8684776	19.8661544	19.85738	0.01861419717	0.01861165347	0.01860988803	0.0185726214	28.483635	28.472472	28.469703	28.41781	0.02099874381	0.02096946546	0.02096434659	0.02095523393
92	19.87759	19.854852	19.8524412	19.8442184	0.01860125542	0.01859794026	0.01859770793	0.01855903734	28.483635	28.472325	28.469964	28.415138	0.02099874381	0.02096730395	0.02096534889	0.02095591861
93	19.876392	19.85418	19.8515152	19.843158	0.01862170315	0.01862170474	0.01862039183	0.01857936609	28.483635	28.47308	28.470329	28.411995	0.02099874381	0.0209686144	0.02096595171	0.02095579896
94	19.887292	19.865828	19.8627612	19.8547112	0.01862555603	0.01862403687	0.0186227831	0.01857894721	28.483635	28.47304	28.469904	28.408734	0.02099874381	0.02096715729	0.02096624859	0.02095594116
95	19.883646	19.8622656	19.8595968	19.8513924	0.01861547712	0.01861294802	0.01861442027	0.01856848367	28.483635	28.472812	28.470351	28.405413	0.02099874381	0.02096923139	0.02096751143	0.02095654599
96	19.888374	19.8675452	19.8652904	19.8567608	0.01862337657	0.01862247265	0.01862177729	0.0185747222	28.483635	28.473089	28.470398	28.401836	0.02099874381	0.0209706866	0.02096774382	0.02095625384
97	19.882678	19.8632104	19.8607172	19.8509012	0.01861249986	0.01860933955	0.01860899035	0.01855437362	28.483635	28.473033	28.470784	28.397964	0.02099874381	0.02097088856	0.02096848131	0.02095655161
98	19.891528	19.871042	19.8681108	19.8601	0.01860642965	0.0186047817	0.01860355572	0.01855026157	28.483635	28.47394	28.470881	28.39404	0.02099874381	0.0209717532	0.0209678012	0.02095706597
99	19.882602	19.86199	19.8596004	19.8508956	0.018596402	0.01859613856	0.01859526472	0.01853717558	28.483635	28.47445	28.471133	28.390227	0.02099874381	0.02096982536	0.02096864824	0.02095808527
100	19.875294	19.85509	19.8525468	19.84377	0.01861888014	0.01861825877	0.01861567998	0.01855536986	28.483635	28.474555	28.471131	28.385695	0.02099874381	0.02097132526	0.02096841977	0.02095781164
