n	avgPP	avgPF	avgPT	avgPE	sdPP	sdPF	sdPT	sdPE	avgIP	avgIF	avgIT	avgIE	sdIP	sdIF	sdIT	sdIE
0	22.9425542	12.247126	12.247126	12.247126	0.0446062824	0.0303879136	0.0303879136	0.0303879136	21.396234	22	22	22	0.03650307091	0	0	0
1	22.9379922	21.6654248	21.2354118	19.0305232	0.04461219152	0.04367411801	0.04208183187	0.03430998944	21.396234	21.843796	21.948566	21.729984	0.03650307091	0.03587578985	0.03563507814	0.02946795525
2	22.9567742	22.2508244	22.1259135	21.1546863	0.04464073169	0.04411579249	0.04377120306	0.03908733594	21.396234	21.614048	21.651855	21.615691	0.03650307091	0.03627705464	0.03618621213	0.03391401876
3	22.9289922	22.4436174	22.3718169	21.9301272	0.04461885711	0.04425914636	0.04410158685	0.04165527725	21.396234	21.552658	21.569213	21.572304	0.03650307091	0.03631804426	0.03631250158	0.03536318612
4	22.9304502	22.5558205	22.5085022	22.2854266	0.04459185171	0.04430498508	0.0442256652	0.04298107776	21.396234	21.515765	21.524154	21.534882	0.03650307091	0.03635615721	0.03635893047	0.03602589052
5	22.9381382	22.6372149	22.6016362	22.471849	0.04463258508	0.04441329734	0.0443651002	0.04370422477	21.396234	21.479793	21.494054	21.52765	0.03650307091	0.0364009307	0.03638756735	0.03627259711
6	22.9377562	22.683687	22.654722	22.5710646	0.04463784071	0.04444153439	0.04440722053	0.04403989261	21.396234	21.47589	21.47756	21.499802	0.03650307091	0.03640238417	0.03640850922	0.03636364986
7	22.9346302	22.7157893	22.6927916	22.632447	0.04465571605	0.04449335011	0.04447131752	0.04424492805	21.396234	21.458101	21.464432	21.48221	0.03650307091	0.03642952954	0.03642626322	0.03639097635
8	22.9401742	22.7478227	22.7277808	22.6807644	0.04463133079	0.04449157497	0.04447330433	0.04431540774	21.396234	21.453399	21.454496	21.469788	0.03650307091	0.03643344395	0.03644048947	0.0364099495
9	22.9456882	22.7720323	22.755249	22.7167254	0.04462180466	0.04449204654	0.04448134793	0.04436247245	21.396234	21.449371	21.44705	21.461038	0.03650307091	0.03643854299	0.03644880968	0.03642472107
10	22.9427282	22.786912	22.7720173	22.7394405	0.0446584242	0.04454132068	0.04453125015	0.04444603263	21.396234	21.44112	21.441761	21.454885	0.03650307091	0.03645091634	0.03645609875	0.03643258029
11	22.9404662	22.799698	22.7858735	22.7570751	0.04465119482	0.04455180705	0.04454442347	0.04446569214	21.396234	21.44464	21.437535	21.445427	0.03650307091	0.03645373767	0.03646536203	0.03645479446
12	22.9472242	22.8150319	22.8024369	22.777562	0.04464485002	0.04454489901	0.04454168487	0.0444725377	21.396234	21.431463	21.433413	21.44334	0.03650307091	0.03646223831	0.03647207501	0.03645684298
13	22.9442382	22.8224459	22.8110781	22.7884284	0.04464130769	0.04454479067	0.04454148537	0.04448784775	21.396234	21.426043	21.430077	21.439368	0.03650307091	0.03647006885	0.03647803729	0.03646613579
14	22.9413642	22.8295802	22.8176341	22.7974614	0.04463941933	0.04455662733	0.04455198379	0.0445013292	21.396234	21.426234	21.427237	21.435518	0.03650307091	0.03648056501	0.03648232952	0.03647320644
15	22.9390802	22.8369265	22.8268691	22.8086514	0.04461995027	0.04454578935	0.04454366182	0.04450098004	21.396234	21.427385	21.424587	21.431798	0.03650307091	0.03647297867	0.03648447313	0.03647587651
16	22.9372382	22.8401983	22.8301354	22.8128362	0.04462462415	0.04455159693	0.04454732508	0.04450747096	21.396234	21.428051	21.422138	21.429514	0.03650307091	0.03647063603	0.03648711837	0.03647819657
17	22.9479962	22.8545397	22.8459953	22.8299243	0.0446443094	0.0445698816	0.04457035238	0.04453205196	21.396234	21.422769	21.419881	21.425591	0.03650307091	0.03647640504	0.03648828753	0.03648153259
18	22.9334602	22.8445076	22.8355544	22.8213266	0.04461205806	0.04454219342	0.04454019369	0.04450546969	21.396234	21.424052	21.418188	21.423822	0.03650307091	0.03647685667	0.03649021594	0.03648156215
19	22.9417782	22.8574634	22.8498539	22.8364318	0.04463036437	0.0445708544	0.04457127651	0.04454046268	21.396234	21.424578	21.416183	21.420686	0.03650307091	0.0364745888	0.03649051019	0.03648391014
20	22.9398662	22.8618545	22.854126	22.8420795	0.04462390223	0.04456702412	0.04456675442	0.04453899159	21.396234	21.418125	21.41508	21.418975	0.03650307091	0.03648106636	0.0364925386	0.03648490336
21	22.9389282	22.8629162	22.855314	22.8435036	0.04462371391	0.04456498721	0.04456668175	0.0445392538	21.396234	21.417294	21.41336	21.417572	0.03650307091	0.03648101283	0.03649246843	0.03648626365
22	22.9425182	22.8708114	22.8638968	22.8527171	0.04464003059	0.04458673706	0.04458818875	0.04456660883	21.396234	21.418758	21.412336	21.415547	0.03650307091	0.03648060056	0.03649477746	0.03648762828
23	22.9350702	22.8665469	22.8592438	22.8487168	0.04462281443	0.04457649629	0.0445757137	0.04455140207	21.396234	21.417833	21.411126	21.414796	0.03650307091	0.03648404404	0.03649575969	0.03648905521
24	22.9403362	22.8750329	22.8681463	22.8575826	0.04463974426	0.04459258813	0.0445936904	0.04456726059	21.396234	21.416053	21.410251	21.412282	0.03650307091	0.03648536127	0.0364977699	0.03649038011
25	22.9377242	22.8744599	22.8678515	22.8577011	0.04461244301	0.0445651778	0.04456613293	0.0445445369	21.396234	21.414623	21.408975	21.411307	0.03650307091	0.03648471193	0.03649776545	0.03649132128
26	22.9366642	22.8772609	22.8697817	22.8606907	0.04464055118	0.04459851917	0.04459821905	0.04457791216	21.396234	21.413273	21.408269	21.410239	0.03650307091	0.03648733531	0.03649924558	0.0364926101
27	22.9382802	22.8794305	22.8732583	22.8651912	0.04461255174	0.04456568235	0.04456775541	0.04454980101	21.396234	21.412685	21.407871	21.408924	0.03650307091	0.03648683865	0.03649999079	0.036493427
28	22.9332502	22.8757337	22.8696185	22.8617246	0.04461574788	0.04457171712	0.04457536744	0.04455493793	21.396234	21.409929	21.406545	21.407722	0.03650307091	0.03648602546	0.03649997374	0.0364945326
29	22.9532282	22.8997555	22.8930307	22.8849755	0.04462899549	0.04458720888	0.04458810988	0.04456988164	21.396234	21.413395	21.405999	21.406175	0.03650307091	0.03648551556	0.0365003022	0.03649548408
30	22.9368582	22.8831134	22.8783735	22.8703801	0.04463119973	0.04459182903	0.0445936561	0.04457529384	21.396234	21.414258	21.405555	21.405617	0.03650307091	0.03648338992	0.03650052977	0.03649531308
31	22.9470282	22.8944208	22.8882102	22.8818962	0.04461446733	0.04457693382	0.04457930555	0.04456311128	21.396234	21.411656	21.404674	21.404294	0.03650307091	0.03648734725	0.03650164079	0.03649646498
32	22.9482442	22.8994625	22.8944764	22.8864364	0.04464604547	0.04461163948	0.04461430088	0.04459786163	21.396234	21.411285	21.404328	21.403748	0.03650307091	0.03648728473	0.03650220458	0.03649617011
33	22.9493982	22.9005562	22.8947908	22.8872148	0.04464148142	0.04460556181	0.04460618441	0.04458715155	21.396234	21.410314	21.403656	21.403156	0.03650307091	0.03648990388	0.03650208907	0.03649824072
34	22.9432002	22.897116	22.8915393	22.8849785	0.04463391271	0.04459781867	0.04459885035	0.04458274848	21.396234	21.41078	21.403101	21.402185	0.03650307091	0.0364857828	0.03650393724	0.03649965925
35	22.9413742	22.8963267	22.8908038	22.8850329	0.04463041124	0.0445966724	0.04459941958	0.04458705706	21.396234	21.407459	21.402526	21.401473	0.03650307091	0.03649227414	0.03650360323	0.03650037128
36	22.9413842	22.8971715	22.8925984	22.8854832	0.04463284836	0.04459890353	0.04460215748	0.04458974672	21.396234	21.410015	21.402328	21.400744	0.03650307091	0.03649009845	0.03650459653	0.03650119672
37	22.9404602	22.8976608	22.8927669	22.8870775	0.04464729837	0.04461266509	0.04461502727	0.04460157428	21.396234	21.408776	21.402153	21.400855	0.03650307091	0.03648857428	0.03650493559	0.03650251922
38	22.9439522	22.9020555	22.8968886	22.8912324	0.04462006492	0.04459091326	0.04459291379	0.04458263623	21.396234	21.410415	21.401822	21.399868	0.03650307091	0.03648874012	0.03650609427	0.03650441202
39	22.9437582	22.9022656	22.8975959	22.8915836	0.04465932973	0.04463042349	0.04463240855	0.04461964911	21.396234	21.410212	21.401623	21.398852	0.03650307091	0.03649076893	0.03650566718	0.03650430665
40	22.9411622	22.9010801	22.8967458	22.8910217	0.04462071399	0.04458950349	0.04459175779	0.04457641171	21.396234	21.408297	21.401586	21.398109	0.03650307091	0.03649331665	0.03650761597	0.03650581599
41	22.9462182	22.9078209	22.9035596	22.8975241	0.04463335875	0.04461007775	0.04461320757	0.04459862072	21.396234	21.408153	21.401212	21.397917	0.03650307091	0.0364911955	0.0365079927	0.0365071854
42	22.9361962	22.897764	22.8936732	22.886828	0.04463623561	0.04460532855	0.04460865687	0.04459283411	21.396234	21.40734	21.401004	21.39784	0.03650307091	0.03649428508	0.03650862452	0.0365079178
43	22.9328462	22.8939025	22.8895592	22.8844211	0.04461245036	0.04458353538	0.04458385454	0.04457003538	21.396234	21.406385	21.400244	21.396607	0.03650307091	0.03649265501	0.03650844537	0.03650861726
44	22.9378022	22.9017079	22.8971835	22.893011	0.04463192739	0.04460372955	0.04460444963	0.04459867243	21.396234	21.407883	21.400035	21.39585	0.03650307091	0.0364928364	0.03650849747	0.0365096728
45	22.9502802	22.9147141	22.9102331	22.904777	0.04465518522	0.04462712115	0.04462946315	0.04461756967	21.396234	21.406817	21.399487	21.39511	0.03650307091	0.03649221659	0.03650949405	0.03651084218
46	22.9386842	22.904603	22.9005052	22.8953112	0.04462406227	0.04459705528	0.04460012828	0.04458843499	21.396234	21.40577	21.399264	21.394924	0.03650307091	0.03649492281	0.03651026727	0.03651187398
47	22.9391922	22.9047126	22.9002394	22.8950496	0.04461915625	0.04459638108	0.04459765558	0.04458812922	21.396234	21.407602	21.399018	21.394272	0.03650307091	0.03649129491	0.0365097636	0.03651214305
48	22.9378642	22.9064765	22.9018659	22.8969762	0.04462889308	0.04461054136	0.04461277177	0.04460130508	21.396234	21.406925	21.399003	21.393714	0.03650307091	0.03649302413	0.0365091883	0.03651310226
49	22.9312382	22.8981706	22.8940304	22.8890367	0.04460329231	0.04457810075	0.0445812269	0.0445698914	21.396234	21.406622	21.399008	21.393099	0.03650307091	0.03649377162	0.03651009252	0.03651268756
50	22.9523942	22.9202362	22.9162906	22.9118474	0.04462700679	0.0446051894	0.04460744123	0.04459602076	21.396234	21.405874	21.398682	21.392278	0.03650307091	0.036493276	0.03650959756	0.03651299214
51	22.9465602	22.9163772	22.9128348	22.907926	0.04463677469	0.04461727736	0.04461944393	0.04460702954	21.396234	21.407264	21.398376	21.392	0.03650307091	0.03649224539	0.03650932408	0.03651410621
52	22.9386682	22.9085358	22.9046867	22.8995836	0.04459105767	0.04456818647	0.04457169539	0.04456342296	21.396234	21.404606	21.398139	21.391312	0.03650307091	0.03649591414	0.03650953441	0.03651385902
53	22.9349942	22.9057328	22.9012869	22.8964552	0.04460827009	0.04458906776	0.04459123712	0.04458365302	21.396234	21.404836	21.397873	21.391244	0.03650307091	0.03649364873	0.03650934258	0.03651494767
54	22.9386522	22.9083391	22.904299	22.899204	0.04466092116	0.04463749326	0.04464137746	0.04463257142	21.396234	21.403567	21.39765	21.39052	0.03650307091	0.03649474628	0.03650883942	0.03651607957
55	22.9465162	22.9181968	22.9147204	22.9098784	0.04466443471	0.0446441285	0.04464731141	0.04463903667	21.396234	21.405876	21.397628	21.389728	0.03650307091	0.03649429153	0.03650891726	0.0365172878
56	22.9403342	22.9125986	22.9090502	22.9037633	0.04459765204	0.04457853585	0.04457979195	0.04457103193	21.396234	21.405902	21.397194	21.389501	0.03650307091	0.03649550886	0.03651029929	0.03651889332
57	22.9404362	22.9127181	22.9085757	22.9040998	0.04459234852	0.04457376533	0.04457460292	0.04456563917	21.396234	21.403957	21.397169	21.388546	0.03650307091	0.03649349146	0.03651059795	0.0365184617
58	22.9441802	22.9151656	22.9111314	22.9064812	0.04462107271	0.04459566104	0.04459780226	0.04458870439	21.396234	21.404972	21.396758	21.388124	0.03650307091	0.03649334934	0.03651014484	0.0365195676
59	22.9483542	22.9217559	22.9180831	22.9135537	0.04465759279	0.04464015961	0.04464231187	0.04463528397	21.396234	21.406203	21.396747	21.387789	0.03650307091	0.03649206591	0.03651001498	0.03652011075
60	22.9392202	22.9127454	22.9087829	22.9043633	0.04463328894	0.04461154383	0.04461481299	0.04460830809	21.396234	21.404378	21.396653	21.387581	0.03650307091	0.03649497711	0.036510799	0.0365217726
61	22.9305362	22.9046187	22.9006691	22.8957591	0.04464824012	0.04462717821	0.04462968802	0.04462020956	21.396234	21.403699	21.396587	21.386607	0.03650307091	0.03649540267	0.03651121126	0.03652162807
62	22.9385402	22.9132058	22.9098212	22.904759	0.04462214043	0.04460612727	0.04460832967	0.04460205248	21.396234	21.403386	21.396004	21.38619	0.03650307091	0.03649599044	0.03651103645	0.03652312892
63	22.9384362	22.9139233	22.9105388	22.9055692	0.04461634708	0.04459734813	0.04459905214	0.04459343128	21.396234	21.403281	21.395876	21.385684	0.03650307091	0.03649530032	0.03651088417	0.03652312485
64	22.9422542	22.9169846	22.9139374	22.9092556	0.0446281326	0.04460958011	0.04461255817	0.04460259448	21.396234	21.403862	21.395698	21.384972	0.03650307091	0.03649456737	0.03651145923	0.03652460772
65	22.9333222	22.9087572	22.9050208	22.9004719	0.04462752951	0.04460753582	0.04460960219	0.04460206362	21.396234	21.402524	21.395756	21.384363	0.03650307091	0.03649522753	0.03651123733	0.03652464882
66	22.9448162	22.9216032	22.9179157	22.913012	0.04463267168	0.04461398442	0.04461676792	0.04460880858	21.396234	21.403504	21.395449	21.3844	0.03650307091	0.03649565396	0.03651174752	0.0365265316
67	22.9446022	22.9208628	22.9176245	22.9127982	0.04463621796	0.04462089275	0.04462236881	0.04461553932	21.396234	21.403656	21.395385	21.383554	0.03650307091	0.03649542634	0.03651166096	0.03652721573
68	22.9428982	22.9199563	22.9164745	22.9113627	0.04463760277	0.04462152063	0.04462515138	0.04461901108	21.396234	21.402831	21.394985	21.382959	0.03650307091	0.03649361369	0.03651210329	0.03652790538
69	22.9545282	22.9315126	22.9282934	22.9235616	0.04465533754	0.04463956423	0.04464332287	0.04463755303	21.396234	21.402002	21.394718	21.382432	0.03650307091	0.03649639025	0.03651167895	0.03652841305
70	22.9359782	22.9123071	22.9089319	22.9040568	0.04461876848	0.04460271131	0.04460615848	0.04460003513	21.396234	21.402367	21.395003	21.381696	0.03650307091	0.0364968581	0.03651328545	0.03652905396
71	22.9384282	22.9160363	22.9128085	22.9076139	0.04463321511	0.04461604319	0.04461849277	0.0446121896	21.396234	21.402311	21.394665	21.381123	0.03650307091	0.03649697004	0.03651199927	0.0365295108
72	22.9327422	22.9110319	22.9070358	22.9023838	0.04461981415	0.04460654514	0.04460856422	0.04460452107	21.396234	21.401363	21.394666	21.380766	0.03650307091	0.03649826869	0.03651266202	0.03653118156
73	22.9433702	22.9195859	22.9157806	22.9109471	0.04462779005	0.04460980675	0.0446123755	0.04460641365	21.396234	21.401503	21.393902	21.380207	0.03650307091	0.03649870842	0.03651282302	0.03653192873
74	22.9482642	22.9266681	22.9229707	22.9176903	0.0446352249	0.04461885537	0.04462194643	0.04461897647	21.396234	21.401857	21.394279	21.379791	0.03650307091	0.03649626781	0.03651341809	0.03653335349
75	22.9378662	22.917761	22.9142341	22.9093162	0.04462546193	0.04461341567	0.04461566947	0.04461036893	21.396234	21.40197	21.394057	21.379334	0.03650307091	0.03649739893	0.03651250206	0.03653433739
76	22.9367482	22.9158271	22.9128229	22.9073041	0.04464045907	0.0446247454	0.04462673246	0.04462286179	21.396234	21.403147	21.394153	21.378457	0.03650307091	0.03649550233	0.03651309001	0.03653494587
77	22.9405642	22.9199768	22.9172616	22.9117048	0.04463905456	0.04462152463	0.0446246563	0.04461952154	21.396234	21.402976	21.393852	21.377856	0.03650307091	0.03649564553	0.03651368036	0.03653595568
78	22.9429262	22.9225243	22.9192731	22.9139498	0.04464117517	0.0446245422	0.04462741253	0.04462169721	21.396234	21.401971	21.393887	21.377146	0.03650307091	0.03649608299	0.03651360236	0.03653623747
79	22.9346162	22.9139801	22.9107053	22.9055398	0.04460079433	0.04458316935	0.04458667757	0.04458311847	21.396234	21.401797	21.393781	21.376626	0.03650307091	0.03649621266	0.03651378888	0.03653753631
80	22.9395162	22.9193865	22.9161716	22.9115397	0.044636262	0.04462042343	0.04462400464	0.0446206839	21.396234	21.402125	21.393432	21.375809	0.03650307091	0.03649566627	0.0365130628	0.03653712014
81	22.9358502	22.9153626	22.9122463	22.9072629	0.04461185518	0.04459509679	0.04459737075	0.04459419593	21.396234	21.402322	21.393311	21.375413	0.03650307091	0.03649550062	0.03651346861	0.0365392597
82	22.9333202	22.9146734	22.9114251	22.9058569	0.04463134376	0.04461825354	0.04462147648	0.04461684002	21.396234	21.400938	21.393387	21.374673	0.03650307091	0.03649716623	0.03651323053	0.03653913075
83	22.9362782	22.9168	22.913887	22.9082348	0.0446404484	0.04462358645	0.04462824252	0.04462190788	21.396234	21.4016	21.39339	21.374336	0.03650307091	0.03649533453	0.03651331894	0.03653997107
84	22.9456622	22.9267245	22.9235542	22.9187698	0.04463268929	0.04461877093	0.04462168126	0.04461889003	21.396234	21.402205	21.393054	21.373606	0.03650307091	0.03649579583	0.03651275555	0.03654108033
85	22.9357942	22.9175487	22.9144753	22.9094052	0.04461852143	0.0446050555	0.04460768634	0.04460405953	21.396234	21.402179	21.392741	21.372384	0.03650307091	0.03649486956	0.03651331322	0.03654166493
86	22.9418282	22.9225643	22.9194957	22.9138784	0.04464669672	0.04463061264	0.04463495995	0.04463044428	21.396234	21.400471	21.392869	21.372108	0.03650307091	0.03649724019	0.03651345312	0.03654194718
87	22.9332742	22.9147736	22.911748	22.905965	0.04463045796	0.04461464339	0.04461819671	0.04461393896	21.396234	21.400532	21.39304	21.37111	0.03650307091	0.03649749492	0.03651364095	0.03654291118
88	22.9385842	22.9202371	22.9174386	22.9118724	0.0446057522	0.04459280906	0.04459563407	0.04459097582	21.396234	21.401147	21.392702	21.370208	0.03650307091	0.03649546773	0.03651392963	0.03654375831
89	22.9496842	22.9313047	22.9286534	22.9226539	0.0446644894	0.04465272033	0.04465627639	0.04465271923	21.396234	21.400459	21.392678	21.369383	0.03650307091	0.03649674767	0.03651363298	0.03654457464
90	22.9460782	22.9283955	22.9254477	22.9195106	0.04462876943	0.04461217822	0.04461488543	0.04461011219	21.396234	21.400715	21.392429	21.369022	0.03650307091	0.03649702844	0.03651319554	0.03654636962
91	22.9445722	22.9272255	22.9243082	22.9188524	0.04463033334	0.04461856885	0.04462174245	0.0446192636	21.396234	21.400675	21.392294	21.368268	0.03650307091	0.03649740032	0.03651381707	0.03654674698
92	22.9496202	22.9329913	22.9294033	22.9234995	0.04463505146	0.0446233396	0.04462450034	0.04462464649	21.396234	21.400161	21.392141	21.367675	0.03650307091	0.03649804983	0.03651360617	0.03654822936
93	22.9401182	22.9234269	22.9201093	22.9147089	0.04466424203	0.04465273568	0.04465570209	0.04465468606	21.396234	21.401213	21.392061	21.366713	0.03650307091	0.03649622903	0.03651358549	0.03654925998
94	22.9378942	22.921504	22.918645	22.9128096	0.04464670259	0.04463463746	0.0446359135	0.04463242663	21.396234	21.39976	21.39217	21.365912	0.03650307091	0.0364969942	0.03651391066	0.03655048456
95	22.9469742	22.9290602	22.9259027	22.9203304	0.04463315204	0.04461716515	0.04462019073	0.04461697114	21.396234	21.400274	21.392079	21.365008	0.03650307091	0.03649699319	0.03651373961	0.03655132689
96	22.9501502	22.9342281	22.9308421	22.9248104	0.04461795141	0.04460655472	0.04460889972	0.04460588897	21.396234	21.400537	21.392177	21.364388	0.03650307091	0.03649733382	0.03651389665	0.0365526314
97	22.9407462	22.9240024	22.9209513	22.9158341	0.04460642914	0.04459295952	0.04459625506	0.04459431253	21.396234	21.401188	21.392221	21.363757	0.03650307091	0.03649612951	0.03651401214	0.036552868
98	22.9501202	22.9345182	22.9314466	22.9252518	0.04466897547	0.04465496989	0.04465795952	0.04465448036	21.396234	21.399914	21.392342	21.363066	0.03650307091	0.03649764737	0.03651406632	0.03655458037
99	22.9357562	22.9194162	22.9159892	22.9102602	0.04460609882	0.04459355567	0.04459642216	0.04459425014	21.396234	21.400214	21.392484	21.362234	0.03650307091	0.03649678015	0.03651429329	0.03655537252
100	22.9326382	22.9159385	22.91294	22.9066217	0.04457963867	0.04456751744	0.04457145253	0.04456987991	21.396234	21.400805	21.3927	21.361489	0.03650307091	0.03649798206	0.03651445996	0.03655627976
