n	avgPP	avgPF	avgPT	avgPE	sdPP	sdPF	sdPT	sdPE	avgIP	avgIF	avgIT	avgIE	sdIP	sdIF	sdIT	sdIE
0	7.925209	1.673102	1.673102	1.673102	0.02315101098	0.007930634259	0.007930634259	0.007930634259	9.812951	5	5	5	0.02479949915	0	0	0
1	7.921661	7.108412	5.970396	4.158867	0.02313225889	0.02219140434	0.01858592936	0.01247972323	9.812951	9.533304	9.135856	7.619695	0.02479949915	0.02404026631	0.02043443511	0.01147269243
2	7.926697	7.468682	7.182937	5.711405	0.02316798874	0.02263634391	0.02193762047	0.01563721996	9.812951	9.597246	9.502129	8.657815	0.02479949915	0.02447225022	0.02401624284	0.0171112336
3	7.925567	7.607265	7.451354	6.574701	0.02317263086	0.02280668243	0.02255249843	0.0179201765	9.812951	9.720363	9.603758	9.083531	0.02479949915	0.02448912462	0.0244358071	0.01994655409
4	7.936977	7.69395	7.583194	7.049933	0.02320505273	0.02292761976	0.02279248277	0.01962493983	9.812951	9.744728	9.628408	9.316831	0.02479949915	0.02458655356	0.02460352822	0.02179803907
5	7.923873	7.727145	7.637866	7.306727	0.02315850931	0.02293592034	0.02286903182	0.02084008825	9.812951	9.729423	9.648944	9.533135	0.02479949915	0.02466726364	0.02469089666	0.02316348264
6	7.931821	7.765601	7.689274	7.479317	0.02318751031	0.02299612979	0.02295535152	0.02159400712	9.812951	9.769291	9.659662	9.561539	0.02479949915	0.02464171386	0.0247401077	0.02367911399
7	7.926993	7.783727	7.715044	7.571413	0.0231773822	0.02302039524	0.02299763156	0.0220744503	9.812951	9.777389	9.66792	9.602343	0.02479949915	0.02468019453	0.0247776371	0.0240930703
8	7.922441	7.794748	7.731724	7.627778	0.02317267271	0.02302740028	0.0230202136	0.02239357472	9.812951	9.76304	9.672912	9.638776	0.02479949915	0.02471707244	0.02480218692	0.02435485303
9	7.921247	7.807201	7.748725	7.674661	0.02315805556	0.02302533903	0.02302513551	0.02260851416	9.812951	9.785899	9.676355	9.646891	0.02479949915	0.02469541966	0.02482027528	0.02449627644
10	7.929575	7.828497	7.772501	7.711082	0.02317003197	0.0230541239	0.02306316348	0.02274144401	9.812951	9.785777	9.679369	9.65348	0.02479949915	0.02471370882	0.02483315044	0.02459090107
11	7.925091	7.832154	7.778939	7.728131	0.02316932667	0.02306131287	0.02307656586	0.02282744794	9.812951	9.777734	9.682289	9.662727	0.02479949915	0.0247372097	0.02484500031	0.0246381951
12	7.932901	7.846193	7.793461	7.750658	0.02314548923	0.02304767814	0.02306538919	0.02286600554	9.812951	9.777953	9.684065	9.666752	0.02479949915	0.02474034357	0.0248526121	0.02468568766
13	7.929857	7.853011	7.801809	7.764455	0.02317202245	0.02308965603	0.02310636047	0.02293589542	9.812951	9.793719	9.686339	9.673165	0.02479949915	0.02473171061	0.02485967317	0.02471026226
14	7.925487	7.851075	7.803044	7.769196	0.02316901223	0.02308225146	0.02310189545	0.02295289486	9.812951	9.786581	9.687634	9.674052	0.02479949915	0.02474839548	0.02486634245	0.02473284409
15	7.929001	7.859049	7.810212	7.781182	0.02316674282	0.02308620348	0.02310646531	0.02298006797	9.812951	9.786085	9.689522	9.675572	0.02479949915	0.02475182668	0.02487327468	0.02475650947
16	7.928453	7.864472	7.816302	7.789144	0.02315707341	0.02308935729	0.02311319411	0.02299596154	9.812951	9.798908	9.690306	9.679692	0.02479949915	0.02474226193	0.02487671647	0.02476835493
17	7.930281	7.869972	7.823061	7.797907	0.02317063903	0.02310309672	0.02312786769	0.02301607072	9.812951	9.792774	9.691439	9.680797	0.02479949915	0.0247565488	0.02488038593	0.02478317893
18	7.926809	7.870637	7.823717	7.801715	0.02317010846	0.02310591913	0.02313710064	0.02304062194	9.812951	9.783089	9.692715	9.681591	0.02479949915	0.02477030074	0.0248861099	0.02479344242
19	7.926897	7.872223	7.827543	7.805768	0.02316819877	0.02310969741	0.02313433316	0.02304211446	9.812951	9.802531	9.693613	9.683602	0.02479949915	0.02475256076	0.02488920995	0.02480372283
20	7.928129	7.876337	7.830628	7.811174	0.02316260442	0.0231049475	0.02313125855	0.02305023125	9.812951	9.796399	9.693786	9.683336	0.02479949915	0.02476447266	0.0248924698	0.02481085091
21	7.923005	7.874194	7.829156	7.809666	0.0231518275	0.02309686119	0.02312683988	0.02304086844	9.812951	9.787926	9.69494	9.685784	0.02479949915	0.02477446919	0.02489529534	0.02481642857
22	7.928101	7.88186	7.837788	7.820447	0.02317148916	0.02312021816	0.02314879611	0.02307418541	9.812951	9.798234	9.6951	9.685411	0.02479949915	0.02476672567	0.02489625525	0.02482201582
23	7.925685	7.882658	7.839389	7.821756	0.02316717247	0.02312234371	0.02314987344	0.02307462672	9.812951	9.799882	9.695321	9.68542	0.02479949915	0.0247672115	0.02489792552	0.02482976829
24	7.932989	7.891092	7.847349	7.831885	0.02316450992	0.02311977336	0.02315039928	0.02308150267	9.812951	9.791956	9.695837	9.687045	0.02479949915	0.02477609242	0.0248996204	0.02483579634
25	7.925499	7.884889	7.842649	7.827437	0.02317377256	0.02313106153	0.02316241718	0.02309798521	9.812951	9.801249	9.696671	9.687247	0.02479949915	0.02477055466	0.02490289984	0.02484089503
26	7.925979	7.887374	7.844119	7.829807	0.02315379478	0.02311525636	0.02314326847	0.02308089343	9.812951	9.802212	9.697373	9.687313	0.02479949915	0.02477110714	0.02490496745	0.02484212641
27	7.922351	7.883887	7.840682	7.826427	0.02315798992	0.0231106616	0.02314069891	0.02307894366	9.812951	9.795225	9.697684	9.688075	0.02479949915	0.0247769457	0.02490463436	0.02484653343
28	7.929315	7.892931	7.850642	7.836483	0.02317527393	0.02313141036	0.0231613816	0.0230940869	9.812951	9.803071	9.698204	9.687543	0.02479949915	0.02477252628	0.02490758381	0.02484802261
29	7.924137	7.88785	7.845685	7.832255	0.02316756775	0.02312117084	0.02315465173	0.02309473876	9.812951	9.803772	9.698601	9.687371	0.02479949915	0.02477203768	0.02490940729	0.02485220665
30	7.926767	7.892456	7.850449	7.837902	0.02316709517	0.02313076373	0.02316364795	0.02309850505	9.812951	9.797366	9.698157	9.687088	0.02479949915	0.02477914923	0.02490894987	0.02485433695
31	7.930619	7.89753	7.854909	7.842922	0.02316947205	0.02313679036	0.02316715766	0.02310960851	9.812951	9.803806	9.698461	9.687068	0.02479949915	0.02477433764	0.02490980376	0.02485712402
32	7.927203	7.89422	7.852538	7.840289	0.02317122937	0.02313413747	0.02316799698	0.0231075043	9.812951	9.804266	9.699144	9.687227	0.02479949915	0.02477395062	0.02491177157	0.02485944973
33	7.928349	7.896269	7.854476	7.843331	0.02317397485	0.0231365188	0.02316991918	0.02311712184	9.812951	9.798867	9.699196	9.687219	0.02479949915	0.02478014399	0.02491208225	0.02486186844
34	7.927001	7.896317	7.854506	7.843543	0.02316342477	0.0231308988	0.02316375989	0.02311238027	9.812951	9.805155	9.699604	9.687069	0.02479949915	0.02477581663	0.02491419488	0.02486675599
35	7.924459	7.895639	7.853753	7.843115	0.02315092596	0.02312078133	0.02315413698	0.02310232063	9.812951	9.802001	9.700181	9.686807	0.02479949915	0.0247825633	0.02491462904	0.02486895919
36	7.925303	7.89648	7.855115	7.844335	0.02315358701	0.02312176875	0.02315738987	0.02310167936	9.812951	9.800712	9.700355	9.686173	0.02479949915	0.02478171404	0.02491590526	0.02487014772
37	7.928547	7.899799	7.858421	7.847863	0.02315138368	0.02311917316	0.02315191076	0.02309904216	9.812951	9.805315	9.700683	9.685863	0.02479949915	0.0247769935	0.02491605332	0.02487035342
38	7.930213	7.901366	7.860231	7.850124	0.02318559752	0.02315478059	0.02318730711	0.02313784645	9.812951	9.803172	9.700561	9.685822	0.02479949915	0.02478179469	0.02491670187	0.02487283966
39	7.926999	7.901307	7.860227	7.850568	0.02315271613	0.02312543208	0.02315832707	0.02310685681	9.812951	9.802119	9.700949	9.685466	0.02479949915	0.02478166597	0.0249165972	0.02487473609
40	7.924483	7.898681	7.857715	7.847406	0.02313979051	0.02311243656	0.0231437412	0.02309723111	9.812951	9.806467	9.700789	9.685306	0.02479949915	0.02477711577	0.02491653586	0.02487680975
41	7.922509	7.897006	7.855785	7.846232	0.02317532561	0.02314379633	0.02317719872	0.02312946154	9.812951	9.804332	9.700827	9.684682	0.02479949915	0.02478166364	0.02491632284	0.02487824654
42	7.926591	7.902771	7.861944	7.851942	0.02317687278	0.02314747379	0.0231810575	0.02313559177	9.812951	9.803175	9.700746	9.684028	0.02479949915	0.02478175579	0.02491687067	0.02488050116
43	7.927263	7.902808	7.862426	7.852417	0.02315496583	0.02312458112	0.02315859405	0.02311213096	9.812951	9.807598	9.70106	9.683433	0.02479949915	0.02477742892	0.02491805841	0.024882561
44	7.927145	7.902972	7.862568	7.852971	0.02316242543	0.02313319731	0.02316580077	0.02311932642	9.812951	9.805606	9.70113	9.683225	0.02479949915	0.02478208815	0.02491807644	0.02488627613
45	7.931859	7.908955	7.868222	7.859505	0.02317377051	0.02314866008	0.02318190151	0.02313721262	9.812951	9.804989	9.70142	9.682693	0.02479949915	0.02478223067	0.02491784035	0.02488654153
46	7.925997	7.903452	7.862897	7.853566	0.02316545071	0.02314001682	0.02317375575	0.02312791066	9.812951	9.806428	9.701449	9.681892	0.02479949915	0.02478088868	0.02491829918	0.0248885431
47	7.922009	7.899347	7.858629	7.849173	0.02315219334	0.02312733053	0.02316169583	0.02311814187	9.812951	9.806351	9.701865	9.681447	0.02479949915	0.02478281501	0.02491947547	0.02488959667
48	7.928643	7.906699	7.866195	7.856964	0.02316018728	0.02313578465	0.02316892107	0.02312375653	9.812951	9.802835	9.702009	9.680878	0.02479949915	0.0247873392	0.02492101532	0.02489308959
49	7.924585	7.90284	7.862211	7.852751	0.02315960477	0.02313593226	0.0231696085	0.02312285974	9.812951	9.807458	9.701953	9.680041	0.02479949915	0.02478176437	0.02492078322	0.02489345534
50	7.928247	7.906715	7.867112	7.85826	0.02315597836	0.02313045022	0.02316468905	0.02312429621	9.812951	9.806999	9.702102	9.678754	0.02479949915	0.02478266671	0.02492142817	0.02489577529
51	7.923255	7.902993	7.86211	7.853512	0.02316464231	0.0231383855	0.02317328765	0.02312877938	9.812951	9.803887	9.702076	9.677562	0.02479949915	0.02478759459	0.02492117694	0.02489676459
52	7.931045	7.910437	7.869597	7.860296	0.02317098239	0.02314368074	0.02318034286	0.02314194769	9.812951	9.807731	9.702373	9.677372	0.02479949915	0.02478197954	0.02492109508	0.02489992228
53	7.922665	7.904159	7.864771	7.855441	0.02317026566	0.02315159509	0.02318509376	0.02314350464	9.812951	9.807841	9.702705	9.676355	0.02479949915	0.02478316525	0.02492138669	0.02490130504
54	7.925879	7.906643	7.866106	7.855723	0.02314813344	0.02312419585	0.02316024427	0.02311537318	9.812951	9.804375	9.702628	9.675413	0.02479949915	0.02478672801	0.02492249047	0.02490269048
55	7.922705	7.903719	7.86296	7.85382	0.02316569597	0.02314194239	0.02317700803	0.02313526354	9.812951	9.808233	9.702832	9.674342	0.02479949915	0.02478257919	0.02492333864	0.02490383175
56	7.923223	7.905333	7.865025	7.85575	0.02317343469	0.02315447132	0.02318956842	0.02314733856	9.812951	9.808343	9.702987	9.673078	0.02479949915	0.02478340913	0.02492322929	0.02490603254
57	7.930353	7.912896	7.872498	7.863414	0.02316414803	0.02314343154	0.0231809916	0.02314176272	9.812951	9.80543	9.703008	9.672106	0.02479949915	0.02478740271	0.02492308929	0.02490808432
58	7.927801	7.910012	7.86997	7.860529	0.02317291133	0.02315280725	0.02318698955	0.02314931467	9.812951	9.808676	9.702978	9.671007	0.02479949915	0.02478389403	0.02492402552	0.02491056756
59	7.928403	7.911243	7.870955	7.861587	0.02315910625	0.02313862048	0.02317295676	0.02313280434	9.812951	9.809179	9.703081	9.670131	0.02479949915	0.02478481359	0.02492398885	0.02491248738
60	7.930555	7.912485	7.872379	7.863193	0.02315442762	0.02313521528	0.02316968731	0.02313212362	9.812951	9.806111	9.703213	9.669307	0.02479949915	0.02478893277	0.02492445066	0.02491389458
61	7.923193	7.905417	7.865519	7.855895	0.02313569181	0.02311371185	0.02315002136	0.02311207249	9.812951	9.806627	9.703467	9.668327	0.02479949915	0.0247875079	0.0249249205	0.02491580398
62	7.927413	7.910283	7.870604	7.860815	0.0231566542	0.02313772896	0.0231734624	0.02313294929	9.812951	9.809623	9.70358	9.666897	0.02479949915	0.02478488684	0.02492486363	0.02491606465
63	7.930761	7.913643	7.873777	7.863867	0.02318896178	0.02316853856	0.02320331419	0.02316326893	9.812951	9.806617	9.703613	9.665425	0.02479949915	0.02478782438	0.02492554968	0.02491747593
64	7.927031	7.91064	7.87131	7.861641	0.02317362817	0.02315539623	0.02319091471	0.02315496844	9.812951	9.806294	9.703842	9.664237	0.02479949915	0.02478879685	0.02492598852	0.02491981059
65	7.926275	7.910998	7.870899	7.860386	0.02316744403	0.02315419819	0.02318872429	0.02314571455	9.812951	9.810134	9.703783	9.662824	0.02479949915	0.02478541595	0.02492642144	0.02492238075
66	7.928907	7.913671	7.87391	7.862542	0.02316256223	0.02314732548	0.02318252532	0.02314372986	9.812951	9.807395	9.70371	9.661346	0.02479949915	0.02478951594	0.02492669683	0.02492316634
67	7.924493	7.908693	7.869001	7.858383	0.02316189955	0.02314165828	0.02317805391	0.02313785794	9.812951	9.807331	9.703827	9.660293	0.02479949915	0.02479002341	0.02492697472	0.02492495279
68	7.922459	7.90769	7.867275	7.856578	0.02315025306	0.02313742404	0.02317287591	0.02313403148	9.812951	9.810682	9.703587	9.65852	0.02479949915	0.0247865035	0.02492645487	0.02492641951
69	7.925553	7.909924	7.870221	7.859856	0.02316086249	0.02314138905	0.02317734934	0.02314145606	9.812951	9.807804	9.703793	9.657098	0.02479949915	0.02478932815	0.02492778719	0.02492910601
70	7.926479	7.911982	7.873417	7.862722	0.0231543909	0.02313873517	0.02317252368	0.02313498718	9.812951	9.806988	9.703571	9.655784	0.02479949915	0.02479013395	0.02492727912	0.02493060854
71	7.919357	7.904348	7.86523	7.854173	0.02314276796	0.02312718143	0.02316145051	0.02312127628	9.812951	9.811094	9.704092	9.653571	0.02479949915	0.02478580573	0.02492830222	0.02493150507
72	7.923463	7.908975	7.868996	7.858353	0.02315016168	0.02313162262	0.0231683257	0.0231327572	9.812951	9.808165	9.704092	9.652117	0.02479949915	0.02478904669	0.0249279917	0.02493329476
73	7.923793	7.91055	7.870529	7.858939	0.02314643948	0.02313107965	0.02316619991	0.02312710735	9.812951	9.806626	9.704031	9.650463	0.02479949915	0.02479008035	0.02492783704	0.02493394483
74	7.924297	7.910821	7.871413	7.85965	0.0231523755	0.02313843012	0.02317219233	0.02313433136	9.812951	9.807901	9.703913	9.648734	0.02479949915	0.02479016639	0.02492712814	0.02493556509
75	7.926397	7.911781	7.872678	7.861473	0.02317032264	0.02315380694	0.02318847556	0.02315235187	9.812951	9.808557	9.70408	9.647017	0.02479949915	0.02478827788	0.02492717544	0.02493716295
76	7.919411	7.905661	7.866066	7.854292	0.02315060801	0.02313739799	0.02317450238	0.02313619189	9.812951	9.807279	9.704364	9.645494	0.02479949915	0.02479011174	0.02492804016	0.02493899328
77	7.930159	7.91634	7.877083	7.864016	0.02315381447	0.02313589549	0.02317213232	0.02313475384	9.812951	9.808218	9.704173	9.643258	0.02479949915	0.02478942353	0.02492737533	0.02493962958
78	7.929095	7.915831	7.875659	7.863348	0.02314850837	0.02313218255	0.02316765518	0.02313049351	9.812951	9.808875	9.704163	9.641688	0.02479949915	0.02478737619	0.02492759047	0.02494091632
79	7.925925	7.912103	7.873267	7.860299	0.02314984762	0.02313353554	0.02316935635	0.02313194623	9.812951	9.806259	9.704259	9.639675	0.02479949915	0.02478981248	0.02492751132	0.02494156988
80	7.927909	7.913721	7.874446	7.86128	0.02316134426	0.02314670515	0.02318245877	0.0231435122	9.812951	9.808509	9.704156	9.637902	0.02479949915	0.02478917252	0.02492760811	0.0249424931
81	7.929951	7.916696	7.877212	7.863955	0.02317374202	0.02315729475	0.02319324814	0.02315543704	9.812951	9.809098	9.704166	9.635985	0.02479949915	0.02478807067	0.02492717875	0.02494373376
82	7.929409	7.916442	7.87676	7.863761	0.02317133451	0.02315696757	0.02319319537	0.02315313526	9.812951	9.806714	9.704378	9.634211	0.02479949915	0.02479021749	0.02492798593	0.02494563198
83	7.927233	7.91506	7.876103	7.86291	0.02316114938	0.0231480679	0.02318384245	0.0231480645	9.812951	9.808992	9.704153	9.632274	0.02479949915	0.024788934	0.02492758231	0.02494621102
84	7.923565	7.911394	7.871413	7.858042	0.02315502559	0.02314194073	0.02317865821	0.0231377982	9.812951	9.80973	9.704761	9.630268	0.02479949915	0.02478812684	0.02492795043	0.02494819815
85	7.927077	7.914471	7.876054	7.862593	0.02317795206	0.02316424435	0.02320023706	0.02316196743	9.812951	9.807095	9.704744	9.628255	0.02479949915	0.02479030258	0.02492753148	0.02494913284
86	7.926755	7.915086	7.876874	7.861604	0.02316481255	0.02315014281	0.02318621464	0.02314744699	9.812951	9.809228	9.704792	9.625856	0.02479949915	0.02478918134	0.02492786161	0.02495009115
87	7.929787	7.916727	7.877785	7.863992	0.02315603532	0.02314208114	0.02317844674	0.02314212988	9.812951	9.808327	9.704859	9.623762	0.02479949915	0.02479034657	0.02492841798	0.02495149939
88	7.927955	7.916522	7.877878	7.862961	0.02317803553	0.02316567433	0.02320230287	0.02316488644	9.812951	9.807542	9.704822	9.621801	0.02479949915	0.02479002544	0.02492840821	0.0249534349
89	7.929137	7.918324	7.879351	7.86427	0.02315848756	0.02314723409	0.02318281941	0.0231442509	9.812951	9.809714	9.704979	9.619584	0.02479949915	0.02478946983	0.02492903939	0.0249540106
90	7.922843	7.911071	7.871775	7.857116	0.0231417831	0.02312853483	0.02316361941	0.02312177893	9.812951	9.809107	9.704781	9.61721	0.02479949915	0.02479080653	0.02492813149	0.02495472877
91	7.928799	7.918304	7.87942	7.864091	0.02316533122	0.02315261325	0.02318856712	0.02315077754	9.812951	9.80806	9.705212	9.614615	0.02479949915	0.02479017352	0.02492883755	0.02495460481
92	7.922329	7.91134	7.871801	7.856253	0.02314216128	0.02313015313	0.02316620735	0.02312631775	9.812951	9.810022	9.705217	9.612345	0.02479949915	0.02478881703	0.02492906793	0.02495638551
93	7.922703	7.911712	7.872407	7.856448	0.02316029252	0.02314634303	0.02318275033	0.02314721848	9.812951	9.808964	9.705089	9.609812	0.02479949915	0.02478975188	0.02492881247	0.02495773475
94	7.929757	7.91828	7.879503	7.864213	0.02318423486	0.02316958882	0.02320569095	0.02316457595	9.812951	9.807998	9.705263	9.607305	0.02479949915	0.02478966029	0.02492908527	0.02495819546
95	7.927277	7.91618	7.8767	7.861323	0.02316694315	0.02315506271	0.02319164806	0.02315327096	9.812951	9.81008	9.705386	9.604985	0.02479949915	0.02478905972	0.02492897243	0.02496005003
96	7.928777	7.917316	7.878824	7.86177	0.02316133401	0.02314697505	0.02318233666	0.02313976298	9.812951	9.809328	9.705384	9.602354	0.02479949915	0.0247897817	0.02492874165	0.02496099637
97	7.928291	7.917935	7.879038	7.861966	0.02316935561	0.02315892141	0.02319360749	0.0231524673	9.812951	9.808395	9.705466	9.599694	0.02479949915	0.0247899993	0.0249285606	0.02496155638
98	7.927957	7.917323	7.877892	7.860318	0.02316916527	0.0231582958	0.02319498679	0.02315270991	9.812951	9.810305	9.705506	9.59698	0.02479949915	0.02478932382	0.02492903197	0.02496215087
99	7.928531	7.918069	7.878826	7.86111	0.02318177131	0.02316772283	0.02320567716	0.02316035351	9.812951	9.809569	9.705344	9.59421	0.02479949915	0.02479025255	0.02492872103	0.02496236414
100	7.928643	7.917866	7.878886	7.861953	0.0231334022	0.0231202789	0.02315535033	0.02311505698	9.812951	9.807436	9.705538	9.591561	0.02479949915	0.02479235611	0.02492901323	0.02496253482
