n	avgPP	avgPF	avgPT	avgPE	sdPP	sdPF	sdPT	sdPE	avgIP	avgIF	avgIT	avgIE	sdIP	sdIF	sdIT	sdIE
0	35.098643	25.271484	25.271484	25.271484	0.03573593557	0.03139591169	0.03139591169	0.03139591169	39.844297	37	37	37	0.03511224222	0	0	0
1	35.101657	33.253043	32.854482	30.739308	0.03575112766	0.03528947089	0.03437118725	0.02975657852	39.844297	39.565583	39.476712	38.42578	0.03511224222	0.03311434439	0.03220241012	0.02511150971
2	35.097927	34.058478	33.898861	32.597881	0.03573315191	0.03548280488	0.03522878466	0.03161407015	39.844297	39.660978	39.653291	39.073363	0.03511224222	0.03408036392	0.03383110993	0.02958240023
3	35.099501	34.369683	34.274702	33.492307	0.03573404772	0.03556462342	0.03543054976	0.03304050378	39.844297	39.733959	39.720604	39.398451	0.03511224222	0.03441674163	0.03428594526	0.03181776016
4	35.094035	34.531133	34.464967	33.962039	0.03577021734	0.03562841071	0.03554955476	0.03395335692	39.844297	39.770717	39.751129	39.557875	0.03511224222	0.03458461381	0.03449907629	0.03294031145
5	35.100429	34.642925	34.592529	34.251221	0.03574118808	0.03562300214	0.03558155648	0.03453781818	39.844297	39.768321	39.769453	39.660797	0.03511224222	0.03469819821	0.03464037247	0.03372976833
6	35.106719	34.714708	34.675592	34.433994	0.03572852213	0.03562795621	0.03559758784	0.03491059393	39.844297	39.788594	39.783418	39.731852	0.03511224222	0.03476598277	0.03472164081	0.03416547477
7	35.094131	34.761929	34.729108	34.546943	0.03573279675	0.03566605017	0.03563626833	0.03515411327	39.844297	39.804841	39.793286	39.750185	0.03511224222	0.03481412346	0.03477774846	0.03435881659
8	35.091831	34.798118	34.768951	34.625555	0.03570655766	0.03563325033	0.03561680427	0.03528145287	39.844297	39.798824	39.799883	39.772379	0.03511224222	0.03485366816	0.03482272234	0.03453093535
9	35.096893	34.834183	34.809968	34.694233	0.03571567054	0.03566000616	0.03564276499	0.03541147605	39.844297	39.808245	39.8044	39.783961	0.03511224222	0.03487782434	0.03485130474	0.03463603675
10	35.119271	34.879909	34.858127	34.759732	0.03574085877	0.03568166346	0.03566687446	0.03548625241	39.844297	39.814705	39.807627	39.794774	0.03511224222	0.03490096331	0.03487740835	0.03471949975
11	35.090909	34.875569	34.856061	34.773351	0.03571528632	0.03566205425	0.0356562814	0.03551992584	39.844297	39.812801	39.813501	39.803905	0.03511224222	0.03492107941	0.03490230442	0.03477987734
12	35.095067	34.892755	34.874804	34.801762	0.03572667546	0.03567369583	0.03566613681	0.03555692137	39.844297	39.818375	39.815676	39.806764	0.03511224222	0.03493595209	0.03491928971	0.03481621312
13	35.100955	34.916021	34.900579	34.837183	0.03574504988	0.0357059427	0.03569705821	0.03560770573	39.844297	39.823183	39.817327	39.809759	0.03511224222	0.03494730746	0.03493233463	0.03484356126
14	35.098553	34.924227	34.909237	34.850894	0.03572477416	0.03568448253	0.0356802679	0.03560638031	39.844297	39.819059	39.819367	39.81383	0.03511224222	0.03496159336	0.03494669945	0.03487425556
15	35.088277	34.930519	34.917139	34.862685	0.03569476599	0.03565637723	0.03565253328	0.03558911769	39.844297	39.823899	39.821275	39.815487	0.03511224222	0.03497163952	0.03495932167	0.03489265991
16	35.094889	34.943319	34.930614	34.882042	0.03574458989	0.03571759085	0.03571263337	0.03565898704	39.844297	39.826819	39.821632	39.817182	0.03511224222	0.03497912021	0.03496626306	0.03490807898
17	35.091277	34.947947	34.934681	34.88947	0.03571079818	0.03567579761	0.03567402874	0.03562249522	39.844297	39.822835	39.823145	39.818814	0.03511224222	0.03498567971	0.03497565866	0.03492221292
18	35.112625	34.979828	34.96781	34.924801	0.03573947053	0.03570359461	0.03569897768	0.03565232215	39.844297	39.826396	39.824402	39.819793	0.03511224222	0.03499356316	0.0349835739	0.03493294645
19	35.093527	34.965639	34.954788	34.916553	0.03570065712	0.03567180021	0.03566835826	0.03562937663	39.844297	39.830489	39.82611	39.820795	0.03511224222	0.03500077879	0.034990774	0.0349446145
20	35.095575	34.974897	34.964975	34.928023	0.0357083437	0.03567858856	0.03567629406	0.03564214096	39.844297	39.827131	39.827107	39.822443	0.03511224222	0.03500501124	0.03499528839	0.03495317907
21	35.099157	34.982907	34.973579	34.937924	0.03575102268	0.03572265464	0.03572045507	0.03568350991	39.844297	39.829549	39.827085	39.823234	0.03511224222	0.03500906421	0.03499977561	0.03496049049
22	35.098817	34.988104	34.979184	34.948054	0.03574210411	0.03571579347	0.03571415358	0.03568675419	39.844297	39.831776	39.827758	39.824108	0.03511224222	0.03501487968	0.03500556925	0.03496860813
23	35.099675	34.995074	34.985961	34.955827	0.0357182681	0.0356958805	0.03569547736	0.03566717801	39.844297	39.829348	39.828173	39.825297	0.03511224222	0.03501859489	0.03501208241	0.03497705348
24	35.099425	34.99743	34.989112	34.959717	0.03571281592	0.03569360693	0.03569243969	0.03566924682	39.844297	39.831312	39.829	39.825751	0.03511224222	0.03502322786	0.03501586491	0.03498289707
25	35.089307	34.995882	34.987926	34.960036	0.03572309407	0.03570494977	0.03570306529	0.03568000529	39.844297	39.833442	39.830214	39.826826	0.03511224222	0.03502631049	0.03502039323	0.03498886958
26	35.094119	35.001087	34.993268	34.965843	0.03574780673	0.03571770903	0.03571848357	0.03569588548	39.844297	39.830231	39.829688	39.826477	0.03511224222	0.03502935156	0.03502289394	0.03499285469
27	35.098325	35.007461	35.00024	34.974967	0.03573601075	0.03571424902	0.03571227615	0.03569336439	39.844297	39.833199	39.830266	39.827427	0.03511224222	0.03503267593	0.03502602905	0.03499961306
28	35.090861	35.003625	34.996899	34.972286	0.03572081698	0.03569492633	0.03569247198	0.03567751295	39.844297	39.834561	39.830569	39.82791	0.03511224222	0.0350358765	0.03502898662	0.03500374289
29	35.091301	35.004875	34.999104	34.976434	0.03571945607	0.03569860424	0.03569651693	0.03568211109	39.844297	39.831541	39.830612	39.828268	0.03511224222	0.0350379548	0.03503194403	0.03500823653
30	35.104235	35.022205	35.016353	34.993243	0.03572253566	0.03570357594	0.03570234014	0.03568431942	39.844297	39.834035	39.831557	39.828309	0.03511224222	0.03503937912	0.0350350236	0.03500929496
31	35.097239	35.016643	35.010026	34.988713	0.03573610128	0.03571241998	0.0357089871	0.03569480513	39.844297	39.836215	39.831462	39.829449	0.03511224222	0.0350421681	0.03503760067	0.03501411347
32	35.095345	35.020269	35.013423	34.992118	0.035730964	0.0357117283	0.03571110979	0.03569393123	39.844297	39.833887	39.832067	39.829102	0.03511224222	0.03504439381	0.03503902712	0.03501582447
33	35.106849	35.032166	35.025572	35.005452	0.03571775176	0.03569929963	0.03569701299	0.03568324732	39.844297	39.835326	39.832454	39.82888	0.03511224222	0.03504589509	0.03504093306	0.03501950266
34	35.093671	35.022069	35.016972	34.996653	0.03573769853	0.03572019314	0.03571803654	0.0357038531	39.844297	39.836803	39.832982	39.830159	0.03511224222	0.03504859743	0.03504270119	0.03502220275
35	35.096515	35.028454	35.022568	35.004632	0.03573608947	0.03571794859	0.03571692898	0.03570798438	39.844297	39.834926	39.833374	39.830284	0.03511224222	0.03504854333	0.03504484612	0.03502513155
36	35.100445	35.032068	35.026653	35.007917	0.03575877913	0.03573907008	0.03573738518	0.03572542688	39.844297	39.83594	39.833597	39.830237	0.03511224222	0.03505062044	0.03504618988	0.03502787244
37	35.094865	35.029954	35.02449	35.007705	0.03571330611	0.03570096052	0.03570084331	0.03568636537	39.844297	39.837184	39.83449	39.830927	0.03511224222	0.03505351701	0.03504868253	0.03503209315
38	35.083215	35.019448	35.013986	34.998257	0.03573570561	0.03571921541	0.03571930589	0.03570793357	39.844297	39.835314	39.834464	39.830847	0.03511224222	0.03505398615	0.03504995995	0.03503307058
39	35.094543	35.030899	35.025875	35.009947	0.03572510011	0.03570610042	0.03570477657	0.03569540462	39.844297	39.836223	39.834333	39.831007	0.03511224222	0.03505500969	0.03505208376	0.03503603097
40	35.104123	35.041933	35.037096	35.021302	0.03577479693	0.03575718411	0.03575516443	0.03574230961	39.844297	39.837183	39.834234	39.83115	0.03511224222	0.03505672753	0.03505386917	0.03503757111
41	35.094341	35.033924	35.028761	35.013185	0.03572913332	0.03571328586	0.03571361505	0.03570194533	39.844297	39.8356	39.834623	39.831705	0.03511224222	0.03505918291	0.03505600558	0.03503977738
42	35.092279	35.032871	35.028915	35.014147	0.03572571922	0.03570937401	0.03571119747	0.03570175916	39.844297	39.836595	39.834711	39.831573	0.03511224222	0.03506018316	0.03505766932	0.0350424266
43	35.098543	35.040635	35.035997	35.021492	0.03573240939	0.03571700089	0.0357153993	0.03570435236	39.844297	39.837641	39.834997	39.831668	0.03511224222	0.03506249333	0.03505918885	0.0350451589
44	35.098341	35.04358	35.03975	35.025195	0.03573608368	0.03572232116	0.0357235991	0.03571422691	39.844297	39.83633	39.835124	39.831405	0.03511224222	0.03506230639	0.03506063745	0.03504430618
45	35.098531	35.043863	35.039798	35.025241	0.03572718499	0.03571726608	0.03571681289	0.03570814529	39.844297	39.837307	39.835402	39.831979	0.03511224222	0.03506423928	0.03506143509	0.03504732147
46	35.107901	35.054061	35.049447	35.036694	0.03571516251	0.03570393157	0.03570228324	0.03569495139	39.844297	39.838299	39.835887	39.832496	0.03511224222	0.03506581184	0.03506247435	0.03504971907
47	35.105071	35.052188	35.048753	35.034975	0.03571108151	0.03570060755	0.03569991799	0.03569319613	39.844297	39.837234	39.836299	39.832923	0.03511224222	0.03506552357	0.03506360465	0.03504971424
48	35.093937	35.044399	35.041064	35.028141	0.03575042179	0.03573986797	0.03573906331	0.03572724416	39.844297	39.838517	39.836384	39.832615	0.03511224222	0.03506721775	0.03506412807	0.03505069206
49	35.089817	35.038788	35.034831	35.022582	0.0357075837	0.03569521872	0.03569397159	0.03568608723	39.844297	39.839312	39.836357	39.833152	0.03511224222	0.03506851201	0.03506562276	0.03505212246
50	35.081535	35.032215	35.029063	35.016246	0.03573720354	0.03572653061	0.03572629519	0.03571977974	39.844297	39.837829	39.836529	39.832474	0.03511224222	0.03506793186	0.03506691813	0.03505314933
51	35.085271	35.036897	35.033469	35.02207	0.03572022357	0.0357068408	0.03570637544	0.03569955959	39.844297	39.838331	39.836539	39.832154	0.03511224222	0.03506939848	0.03506714628	0.03505529504
52	35.088557	35.042354	35.037978	35.026191	0.03574978918	0.03573729335	0.03573878577	0.03573109348	39.844297	39.838608	39.836696	39.831873	0.03511224222	0.03507116057	0.03506820442	0.03505568728
53	35.088957	35.042245	35.039021	35.027613	0.03576712081	0.03575748599	0.03575759385	0.03574950967	39.844297	39.837825	39.836091	39.832255	0.03511224222	0.03507101651	0.03506810271	0.03505671158
54	35.093269	35.047553	35.044537	35.032444	0.03573046274	0.03572188018	0.03572127846	0.03571345981	39.844297	39.838437	39.836503	39.832108	0.03511224222	0.0350724568	0.03506930053	0.03505883707
55	35.097699	35.053796	35.050171	35.039171	0.03570972491	0.0356995689	0.03569759572	0.0356894278	39.844297	39.838604	39.836523	39.832353	0.03511224222	0.03507380989	0.03506976502	0.03506024231
56	35.083379	35.040816	35.037015	35.026272	0.03571971547	0.03570773874	0.03570594057	0.03569982866	39.844297	39.837996	39.836557	39.832366	0.03511224222	0.03507373779	0.035070855	0.03506141533
57	35.101933	35.0591	35.055734	35.044929	0.03573334775	0.03572437515	0.03572308603	0.03571730186	39.844297	39.838196	39.835618	39.831793	0.03511224222	0.03507431471	0.03507140144	0.03506140879
58	35.100953	35.057321	35.054235	35.04377	0.03573189523	0.03572479658	0.03572404332	0.03571695638	39.844297	39.839169	39.836333	39.83264	0.03511224222	0.035076476	0.03507232414	0.03506232297
59	35.092767	35.051747	35.048059	35.037147	0.03572176391	0.03571065896	0.03570994971	0.03570362926	39.844297	39.838119	39.836701	39.832631	0.03511224222	0.03507476334	0.03507357085	0.03506457938
60	35.101997	35.062325	35.059785	35.048873	0.03573972791	0.03572799111	0.03572859131	0.03572273001	39.844297	39.838609	39.836683	39.832697	0.03511224222	0.03507557899	0.03507452671	0.03506442864
61	35.100945	35.061206	35.057915	35.047165	0.03571284945	0.03570228033	0.03570291167	0.03569577937	39.844297	39.838684	39.836793	39.832637	0.03511224222	0.0350774247	0.03507467062	0.0350656457
62	35.100307	35.061027	35.058896	35.047983	0.03573777361	0.0357277237	0.03572686298	0.03571954316	39.844297	39.838203	39.837036	39.832407	0.03511224222	0.03507615743	0.03507448838	0.03506675661
63	35.099951	35.060586	35.057237	35.048224	0.03571272143	0.0357035305	0.03570322866	0.03569773952	39.844297	39.839154	39.836815	39.832314	0.03511224222	0.03507705176	0.03507547986	0.03506711122
64	35.100191	35.061416	35.058551	35.049541	0.035757613	0.03574724305	0.03574638755	0.03573888536	39.844297	39.839074	39.837315	39.831767	0.03511224222	0.03507858315	0.03507599631	0.03506722402
65	35.099785	35.061903	35.05879	35.050317	0.03573879718	0.03572616071	0.03572590827	0.03571911062	39.844297	39.838157	39.837114	39.832007	0.03511224222	0.03507858966	0.0350766705	0.03506898699
66	35.105495	35.066913	35.063543	35.055353	0.03574334977	0.03573357819	0.03573423589	0.03572819166	39.844297	39.838927	39.837845	39.832037	0.03511224222	0.03507947686	0.03507780733	0.03506949495
67	35.094747	35.057299	35.054386	35.046044	0.03575530895	0.0357428414	0.0357427678	0.03573546952	39.844297	39.839401	39.837904	39.831932	0.03511224222	0.03508168019	0.03507769553	0.03507005458
68	35.101369	35.065211	35.062451	35.053846	0.03573685999	0.03572601025	0.0357263092	0.03572098826	39.844297	39.838831	39.837999	39.832128	0.03511224222	0.03508128775	0.03507970772	0.03507109279
69	35.098897	35.061944	35.059157	35.050059	0.03573184335	0.03572306943	0.0357226607	0.03571509457	39.844297	39.839366	39.838121	39.831783	0.03511224222	0.03508074959	0.03508013139	0.03507144994
70	35.096825	35.061338	35.05878	35.049971	0.03575800358	0.03574985951	0.03574949723	0.03574296243	39.844297	39.839674	39.837906	39.831775	0.03511224222	0.03508230549	0.03507994256	0.03507223757
71	35.089405	35.055798	35.053029	35.045313	0.03573664663	0.03572923169	0.03572800231	0.03572280374	39.844297	39.839716	39.838093	39.831581	0.03511224222	0.03508206937	0.03508081083	0.03507319207
72	35.093229	35.059194	35.056394	35.049682	0.03573702382	0.03572786904	0.03572826266	0.03572142549	39.844297	39.839772	39.838136	39.831142	0.03511224222	0.03508260341	0.03508150394	0.03507482453
73	35.099903	35.066688	35.063963	35.056251	0.03569629896	0.03568678407	0.03568682848	0.03568152456	39.844297	39.839736	39.838407	39.831107	0.03511224222	0.03508443415	0.0350820227	0.03507586574
74	35.102395	35.069425	35.066842	35.058215	0.03574191172	0.03573511322	0.03573530087	0.0357269555	39.844297	39.839899	39.838346	39.830571	0.03511224222	0.03508252116	0.03508126807	0.03507549898
75	35.093257	35.060051	35.057891	35.04954	0.03572631507	0.03572012189	0.03571927294	0.03571268889	39.844297	39.840231	39.838223	39.83002	0.03511224222	0.03508368756	0.03508177941	0.03507700041
76	35.101789	35.069786	35.067856	35.059813	0.0357266056	0.03571623379	0.0357170625	0.03571132507	39.844297	39.840292	39.83865	39.829927	0.03511224222	0.03508498403	0.03508250175	0.03507723551
77	35.097021	35.065285	35.063825	35.055258	0.0357514157	0.03574339647	0.03574380986	0.03573518027	39.844297	39.840215	39.838515	39.828984	0.03511224222	0.03508363899	0.035083057	0.03507738475
78	35.102075	35.07109	35.069695	35.061862	0.03572790805	0.03572249803	0.03572236874	0.03571545232	39.844297	39.840302	39.838519	39.828536	0.03511224222	0.03508429361	0.03508310142	0.0350786256
79	35.091659	35.060734	35.057829	35.050307	0.03573171236	0.03572329636	0.03572137888	0.03571214665	39.844297	39.840856	39.838869	39.827807	0.03511224222	0.03508622237	0.0350840091	0.03507879471
80	35.093813	35.062046	35.060006	35.05229	0.03572529375	0.03572063367	0.03571887412	0.03571163641	39.844297	39.840068	39.838974	39.827358	0.03511224222	0.03508530388	0.03508432274	0.03507926519
81	35.093183	35.06385	35.061636	35.05369	0.03571768043	0.03571216445	0.03571164293	0.03570304007	39.844297	39.84049	39.838748	39.826814	0.03511224222	0.03508521107	0.0350850873	0.03507978251
82	35.096215	35.065663	35.063709	35.055755	0.03571193793	0.0357015924	0.03570356293	0.03569283023	39.844297	39.840297	39.838745	39.825873	0.03511224222	0.03508664417	0.03508435664	0.03508050726
83	35.097929	35.066492	35.064269	35.057558	0.03574835997	0.03574161413	0.03574073468	0.0357304972	39.844297	39.840242	39.838557	39.825258	0.03511224222	0.03508510447	0.03508441979	0.03508049994
84	35.087127	35.058005	35.056295	35.049386	0.03573551478	0.0357309254	0.03572934294	0.03572005575	39.844297	39.840413	39.838697	39.824082	0.03511224222	0.03508656299	0.03508590721	0.03508132692
85	35.089899	35.060666	35.059095	35.051206	0.03574872772	0.03573984034	0.03573989437	0.03572874943	39.844297	39.839802	39.838853	39.823448	0.03511224222	0.03508738084	0.03508553561	0.03508279199
86	35.090577	35.061701	35.059259	35.052661	0.03573399398	0.03572663571	0.03572643869	0.03571685568	39.844297	39.839775	39.838487	39.822123	0.03511224222	0.03508636426	0.03508584974	0.03508335512
87	35.100079	35.071409	35.06874	35.062035	0.03574074428	0.03573432966	0.03573398592	0.03572475955	39.844297	39.840119	39.838884	39.820857	0.03511224222	0.03508748871	0.03508626028	0.03508400543
88	35.093965	35.065609	35.063148	35.056012	0.03573425193	0.03572420617	0.03572434671	0.03571163883	39.844297	39.839975	39.838744	39.819732	0.03511224222	0.03508879256	0.03508698668	0.03508473624
89	35.097149	35.068435	35.066054	35.059013	0.03570774149	0.03569797171	0.03569712915	0.03568663626	39.844297	39.840267	39.838744	39.818923	0.03511224222	0.03508840868	0.0350869165	0.03508519003
90	35.102595	35.075088	35.072794	35.066765	0.03573499713	0.03572866856	0.03572814317	0.03571653536	39.844297	39.840178	39.838848	39.817199	0.03511224222	0.03508835791	0.03508696552	0.03508562453
91	35.101655	35.075231	35.072695	35.066355	0.03572556984	0.03572067932	0.03572186291	0.03570783836	39.844297	39.840181	39.839223	39.815925	0.03511224222	0.0350881351	0.03508737554	0.03508601107
92	35.087803	35.062304	35.060782	35.053962	0.03573620266	0.03572726045	0.03572635913	0.03571064341	39.844297	39.840246	39.838936	39.814404	0.03511224222	0.03508784671	0.03508771619	0.03508695381
93	35.102981	35.07671	35.074326	35.069164	0.03572129225	0.03571296286	0.03571299373	0.03569772273	39.844297	39.840554	39.838998	39.812672	0.03511224222	0.03508901469	0.03508866913	0.03508713064
94	35.095025	35.068125	35.066471	35.059827	0.03572552274	0.03571853774	0.03571821759	0.03570203284	39.844297	39.840521	39.839095	39.811257	0.03511224222	0.03508945505	0.03508940946	0.03508807971
95	35.097909	35.07196	35.06979	35.063811	0.03571882118	0.03571195762	0.03571097739	0.03569561927	39.844297	39.840438	39.838752	39.809653	0.03511224222	0.03508881932	0.03508880592	0.0350880934
96	35.101105	35.076173	35.074506	35.068509	0.03573322434	0.03572861689	0.03572735146	0.03571095287	39.844297	39.840535	39.839286	39.807885	0.03511224222	0.03508926042	0.03508887554	0.03508887411
97	35.098889	35.07367	35.071874	35.065264	0.03574416542	0.03573543398	0.03573578763	0.03571692962	39.844297	39.840364	39.83895	39.806392	0.03511224222	0.03508933095	0.03508907085	0.03508914711
98	35.093697	35.068232	35.066376	35.061133	0.03574950007	0.03574350909	0.03574298867	0.03572328584	39.844297	39.84032	39.83877	39.804257	0.03511224222	0.03508876252	0.03508881094	0.03508899098
99	35.100535	35.074495	35.073027	35.066544	0.03574859847	0.03574181817	0.03574064426	0.03572012431	39.844297	39.840663	39.838941	39.802086	0.03511224222	0.03508998413	0.03508958564	0.03509000007
100	35.099295	35.074898	35.07261	35.068233	0.03571397646	0.03570820448	0.03570897593	0.03568676548	39.844297	39.840468	39.839186	39.799985	0.03511224222	0.03509024287	0.03509010982	0.03509058244
