n	avgPP	avgPF	avgPT	avgPE	sdPP	sdPF	sdPT	sdPE	avgIP	avgIF	avgIT	avgIE	sdIP	sdIF	sdIT	sdIE
0	4.168523	3.516098	3.516098	3.516098	0.004079897306	0.004079158473	0.004079158473	0.004079158473	23.129765	20	20	20	0.009503392146	0	0	0
1	4.167323	3.80903	3.7442546	3.6071048	0.004089525889	0.00435946785	0.004340677525	0.004207472087	23.129765	21.72014	21.403983	20.630414	0.009503392146	0.006541926714	0.005397978181	0.002586451476
2	4.165585	3.9166988	3.854262	3.6690106	0.004099937924	0.00429352793	0.004300420224	0.004434280356	23.129765	22.152084	21.86984	21.189833	0.009503392146	0.007569003686	0.006790659339	0.003854011101
3	4.167039	3.978031	3.9260816	3.7234078	0.004089373594	0.004214889886	0.004231726992	0.003935218956	23.129765	22.362605	22.143428	20.926919	0.009503392146	0.008098661581	0.007491567427	0.004064820023
4	4.165171	4.0131854	3.9682952	3.764703	0.004100476534	0.004192416689	0.004216150161	0.004268965286	23.129765	22.503697	22.321926	21.491895	0.009503392146	0.008420380996	0.007917058443	0.004931039284
5	4.166763	4.0373408	3.998563	3.7971044	0.004094687646	0.004189290333	0.004198605665	0.003952082101	23.129765	22.620634	22.444465	21.306092	0.009503392146	0.008567595742	0.008196525814	0.004950408309
6	4.168655	4.056535	4.0216498	3.8302718	0.004090184375	0.004179989938	0.004184226639	0.004271049778	23.129765	22.695255	22.537479	21.805009	0.009503392146	0.008729706954	0.008397032924	0.005762823369
7	4.166587	4.0683558	4.038371	3.8530606	0.004103213068	0.004164804862	0.004182713743	0.0040320584	23.129765	22.730909	22.609185	21.650603	0.009503392146	0.008828816318	0.008542709328	0.00570295175
8	4.165367	4.0747258	4.0477308	3.8685724	0.004102119852	0.004178077379	0.004189843667	0.00435808812	23.129765	22.776149	22.664584	22.075462	0.009503392146	0.008911138308	0.008655971061	0.006454425029
9	4.167043	4.0884234	4.0632352	3.8948344	0.00408815418	0.004145670303	0.004155701196	0.004118332547	23.129765	22.814217	22.709156	21.941552	0.009503392146	0.008964515617	0.008745263394	0.006370121939
10	4.164413	4.09167	4.0689566	3.908642	0.004103723286	0.004154491559	0.004168922945	0.003974994462	23.129765	22.83574	22.745073	21.85499	0.009503392146	0.009007470343	0.008818231787	0.006274057156
11	4.165683	4.0993422	4.0785664	3.9265788	0.004104341822	0.004146899561	0.004161008703	0.004231743322	23.129765	22.858751	22.776172	22.203034	0.009503392146	0.009061167356	0.008877760997	0.006980231156
12	4.167017	4.1055294	4.085372	3.9414428	0.004091572047	0.004127830666	0.004145242036	0.004083157897	23.129765	22.875517	22.80163	22.115774	0.009503392146	0.009094298728	0.008930898695	0.006877753861
13	4.162061	4.1038302	4.0860318	3.9457234	0.004114790539	0.004155363705	0.004170918858	0.00402801705	23.129765	22.893771	22.824949	22.078267	0.009503392146	0.009120478354	0.008973156808	0.006775021526
14	4.166485	4.1155322	4.0980946	3.9650776	0.004092951924	0.004121537313	0.004134312748	0.004198716838	23.129765	22.912191	22.844063	22.345708	0.009503392146	0.009133774189	0.009007973588	0.007415969792
15	4.167049	4.1166134	4.1004682	3.9731462	0.004100718281	0.004133303934	0.004147256598	0.00411105426	23.129765	22.926087	22.861311	22.277491	0.009503392146	0.00915535652	0.009038854806	0.007317941759
16	4.166363	4.120434	4.1059064	3.9842928	0.004085971783	0.004108145994	0.00411690087	0.004030197388	23.129765	22.93677	22.877372	22.262184	0.009503392146	0.00918453447	0.009068238566	0.007245221911
17	4.169735	4.125701	4.110907	3.994607	0.004085528118	0.004116619103	0.004122770815	0.004182598186	23.129765	22.953095	22.890695	22.454575	0.009503392146	0.009204613463	0.009093585326	0.007779554395
18	4.167283	4.1260898	4.1126156	4.0037432	0.004086187009	0.00411044185	0.004119443187	0.004104009685	23.129765	22.959989	22.903328	22.423486	0.009503392146	0.009214824099	0.009115738155	0.007698701621
19	4.166229	4.126775	4.1138512	4.0079176	0.004100267316	0.004117502725	0.004129153553	0.004079357094	23.129765	22.962545	22.914176	22.407288	0.009503392146	0.009228993434	0.009134441575	0.007632312392
20	4.166525	4.1291496	4.1162582	4.0153458	0.004089821224	0.004113249474	0.004125885095	0.004194650473	23.129765	22.971458	22.923831	22.563179	0.009503392146	0.009242517027	0.009153501569	0.008089434905
21	4.164143	4.1289558	4.117037	4.0184656	0.004107257285	0.004129476961	0.004135678415	0.004151620454	23.129765	22.983049	22.933615	22.526718	0.009503392146	0.009253021116	0.009169892189	0.008003239663
22	4.167579	4.1336342	4.1222284	4.0304024	0.004088669025	0.004110220297	0.004115774943	0.004090891853	23.129765	22.987541	22.941462	22.524642	0.009503392146	0.009261059961	0.009184287131	0.007957749957
23	4.169351	4.136108	4.1253496	4.0351468	0.004084969454	0.004109712431	0.00411071276	0.004049792738	23.129765	22.9993	22.949198	22.501624	0.009503392146	0.009286514327	0.009199053481	0.007909258806
24	4.163121	4.1311288	4.1208066	4.0352458	0.004109051243	0.004129498206	0.004133057392	0.004167289875	23.129765	23.000554	22.956703	22.619219	0.009503392146	0.009288303339	0.009212053474	0.00827706507
25	4.167857	4.1368444	4.126378	4.044639	0.004085915312	0.004109563295	0.004111844962	0.004118242065	23.129765	23.006772	22.96283	22.612425	0.009503392146	0.00929349261	0.009223443574	0.008230936457
26	4.164923	4.1347956	4.1247158	4.0447748	0.004106913506	0.004131568214	0.004138323664	0.004109235546	23.129765	23.012368	22.969639	22.600414	0.009503392146	0.009303388442	0.009234620529	0.008193097864
27	4.165059	4.136961	4.1278174	4.05074	0.004100305732	0.004120929596	0.004125081386	0.004076130952	23.129765	23.016325	22.975467	22.59527	0.009503392146	0.009310110803	0.009244686392	0.008163485641
28	4.163101	4.1355002	4.1269572	4.0511322	0.004108896102	0.004133959119	0.004131625511	0.004157351392	23.129765	23.023331	22.980556	22.673961	0.009503392146	0.009316043763	0.009252620105	0.008450696815
29	4.164373	4.136567	4.1282632	4.0565358	0.004105886082	0.004126956642	0.00413520161	0.004133407243	23.129765	23.019855	22.984936	22.676699	0.009503392146	0.009319847483	0.009261478353	0.008421401772
30	4.164353	4.139381	4.130655	4.061627	0.00410645237	0.004121267106	0.004126750125	0.004106720673	23.129765	23.027465	22.989325	22.668645	0.009503392146	0.009331220429	0.009269736528	0.008392376512
31	4.165625	4.1402888	4.1317436	4.0638902	0.004101155247	0.004118129478	0.004122556954	0.004091613735	23.129765	23.030364	22.993648	22.667061	0.009503392146	0.009333560069	0.009277870306	0.008371147578
32	4.164055	4.140968	4.133121	4.066744	0.004099545283	0.004109023328	0.004114158628	0.004134415697	23.129765	23.02997	22.997255	22.73535	0.009503392146	0.009340303964	0.009284733687	0.008613262246
33	4.166703	4.1429994	4.135565	4.0716256	0.004099998126	0.004114848413	0.004120437004	0.004123021879	23.129765	23.032057	23.000945	22.725818	0.009503392146	0.009348213804	0.009290911194	0.008575494661
34	4.166409	4.1437094	4.1360958	4.0752608	0.004093442824	0.00410754347	0.00411482401	0.004100317465	23.129765	23.034027	23.004849	22.728314	0.009503392146	0.009348982202	0.009298458967	0.00856152181
35	4.167357	4.1455412	4.1381152	4.0775316	0.004092228437	0.004103730136	0.004106938719	0.004092472195	23.129765	23.037366	23.007736	22.725358	0.009503392146	0.00935457768	0.009303825126	0.008544030232
36	4.163465	4.1423412	4.1356694	4.076649	0.004102629196	0.004119151575	0.004120488992	0.004136719104	23.129765	23.042486	23.011117	22.771915	0.009503392146	0.009355171721	0.009309784186	0.008726037558
37	4.166407	4.1452128	4.1384326	4.0825894	0.004091406134	0.00410870519	0.004110792614	0.004105517254	23.129765	23.045784	23.014043	22.770597	0.009503392146	0.009362071799	0.009314904151	0.008706077974
38	4.169105	4.1481504	4.1415942	4.0861758	0.004087713847	0.004105176652	0.004105770944	0.004101835062	23.129765	23.047102	23.017001	22.769779	0.009503392146	0.009361563291	0.009320152748	0.008692015728
39	4.167989	4.147105	4.1398858	4.0862258	0.004086383728	0.004104439844	0.00410824124	0.004097481328	23.129765	23.048045	23.020169	22.771939	0.009503392146	0.009365040701	0.009324813417	0.008686382305
40	4.166841	4.1465086	4.1400822	4.0870564	0.004088898087	0.004104875714	0.00411078798	0.004098919746	23.129765	23.048883	23.023061	22.777772	0.009503392146	0.009371183334	0.009329507733	0.008690448236
41	4.167269	4.1485136	4.1419692	4.0926018	0.004089875542	0.004098581079	0.004105630491	0.004109824159	23.129765	23.049398	23.025716	22.807729	0.009503392146	0.009373073856	0.009334026937	0.008815674982
42	4.164513	4.1454482	4.1391608	4.0897466	0.004106881641	0.004121919127	0.004125796472	0.004123011953	23.129765	23.054441	23.027814	22.809953	0.009503392146	0.009377612999	0.009337924861	0.008806032722
43	4.166333	4.147982	4.1428256	4.0944954	0.004092499963	0.004105522371	0.004107951221	0.004095832473	23.129765	23.05601	23.029948	22.810677	0.009503392146	0.009378127043	0.009341982572	0.008800003617
44	4.167001	4.1491658	4.1435174	4.095987	0.004088023951	0.004098163984	0.004101650399	0.004091241564	23.129765	23.055449	23.032097	22.814105	0.009503392146	0.009382525389	0.009346406176	0.00879993426
45	4.166293	4.1485442	4.1428894	4.0974572	0.004096649	0.00410696367	0.00411000521	0.004113664706	23.129765	23.057891	23.034487	22.835586	0.009503392146	0.009385668812	0.009349138447	0.008891680063
46	4.167259	4.1509902	4.1457502	4.1018492	0.004086744302	0.004095809728	0.004096935752	0.004093371807	23.129765	23.060191	23.036031	22.836696	0.009503392146	0.009385372964	0.009352296356	0.008887683997
47	4.166939	4.1505102	4.1451744	4.101742	0.004090208363	0.004100002066	0.004101525678	0.004096575202	23.129765	23.062351	23.037262	22.84059	0.009503392146	0.009390021526	0.009356403683	0.008889348101
48	4.165915	4.1497112	4.1443896	4.1024732	0.004098237217	0.004110069282	0.004109564732	0.004101955666	23.129765	23.066196	23.039358	22.843146	0.009503392146	0.00939498212	0.009357822436	0.008888287602
49	4.168543	4.1516196	4.146744	4.1040648	0.004079095959	0.004092972119	0.004089919894	0.004087267617	23.129765	23.066648	23.0411	22.847184	0.009503392146	0.009393392992	0.009360954173	0.00889311201
50	4.166201	4.1502166	4.1455904	4.1054714	0.004098155202	0.004109781865	0.004108972118	0.004104647466	23.129765	23.067773	23.043032	22.862087	0.009503392146	0.009395783882	0.009364643524	0.00895970474
51	4.165693	4.149483	4.144722	4.1041066	0.004094028854	0.004105482708	0.004107740867	0.004112029186	23.129765	23.067145	23.04467	22.865043	0.009503392146	0.009396824943	0.009366638713	0.008960783576
52	4.166379	4.1511582	4.1460066	4.1066484	0.004099802818	0.004110612614	0.004110629321	0.004102783024	23.129765	23.069141	23.045743	22.867342	0.009503392146	0.009402299069	0.009369350143	0.008959792819
53	4.164629	4.1486576	4.1441676	4.1041546	0.004101980657	0.004115860132	0.004117358427	0.004117419482	23.129765	23.068648	23.047458	22.870263	0.009503392146	0.009402517848	0.009372207772	0.00896216129
54	4.165237	4.1511576	4.1467596	4.1089384	0.004089649566	0.00410094258	0.004097737754	0.004093485365	23.129765	23.071878	23.048958	22.873112	0.009503392146	0.009406273119	0.009373957724	0.008965183626
55	4.163309	4.1498112	4.1447032	4.1074046	0.004099075691	0.004107402242	0.004109512449	0.004111405086	23.129765	23.071836	23.050266	22.883983	0.009503392146	0.009407046212	0.009375922223	0.00901335536
56	4.162961	4.1489286	4.1445444	4.1062566	0.004102637679	0.004110834974	0.004112277321	0.004117390762	23.129765	23.072233	23.051282	22.886753	0.009503392146	0.0094066578	0.009378549628	0.009016176244
57	4.164121	4.1498618	4.1450212	4.109	0.004105179983	0.004112206736	0.004115633324	0.004116227377	23.129765	23.071349	23.052136	22.88877	0.009503392146	0.009412297825	0.009381092114	0.009017104574
58	4.169149	4.1555526	4.1519766	4.116156	0.004080764524	0.004087155181	0.004086098782	0.004087094704	23.129765	23.074403	23.053373	22.89131	0.009503392146	0.009412138008	0.009383172678	0.009021274195
59	4.164033	4.1505188	4.1464512	4.111511	0.004108987685	0.004119222895	0.004118805942	0.00411548954	23.129765	23.076524	23.054696	22.894855	0.009503392146	0.009412774888	0.009385014047	0.009027911647
60	4.164833	4.1516914	4.146905	4.1141384	0.004100922618	0.004110151272	0.004113342056	0.004109707558	23.129765	23.075737	23.055925	22.902072	0.009503392146	0.00941423114	0.009387442115	0.009061243752
61	4.166547	4.1538108	4.1489356	4.1157212	0.004092950494	0.004104393494	0.004106698463	0.004102592532	23.129765	23.078064	23.057228	22.905096	0.009503392146	0.009419711695	0.009389946985	0.009066004656
62	4.166201	4.153856	4.1499746	4.1165128	0.004090793763	0.004099079196	0.004100041522	0.00410094248	23.129765	23.07693	23.057753	22.907284	0.009503392146	0.009419499575	0.009391232887	0.009067879185
63	4.167387	4.153952	4.1503086	4.1184912	0.004093443926	0.004103497737	0.004104952872	0.004100153889	23.129765	23.07689	23.058793	22.910396	0.009503392146	0.009420026922	0.009392711695	0.009072718383
64	4.167843	4.1553354	4.1518142	4.1203754	0.004086138652	0.004090896651	0.004091041759	0.004089164753	23.129765	23.078017	23.059851	22.913177	0.009503392146	0.00942133314	0.009395026438	0.009078167404
65	4.164105	4.150677	4.1474856	4.1166904	0.0041035617	0.004113252958	0.004112443135	0.00411250684	23.129765	23.079355	23.061278	22.919022	0.009503392146	0.009423569301	0.009396781702	0.009102343007
66	4.164841	4.1531556	4.1493928	4.1187968	0.004092042846	0.004098521828	0.004097678059	0.004099620344	23.129765	23.081358	23.062224	22.921764	0.009503392146	0.009422598837	0.009398249085	0.009105825181
67	4.164239	4.152018	4.1479984	4.1179394	0.004108507654	0.004117248601	0.004117512472	0.004115405511	23.129765	23.08119	23.062722	22.923467	0.009503392146	0.00942357672	0.009400029009	0.009107660313
68	4.165173	4.1531902	4.1497438	4.1201498	0.004096870321	0.004107823268	0.004108047162	0.004104542343	23.129765	23.082761	23.063849	22.926289	0.009503392146	0.009426767625	0.009401302851	0.009114226622
69	4.163615	4.1525652	4.1485938	4.1197206	0.004098912599	0.004106150849	0.004108122257	0.004104410407	23.129765	23.082296	23.064769	22.928073	0.009503392146	0.009426590709	0.009402716519	0.009117398627
70	4.167267	4.1562552	4.1525604	4.1247616	0.004087347993	0.004092843163	0.004094201963	0.004087480266	23.129765	23.082916	23.065582	22.930818	0.009503392146	0.009427901549	0.009404975403	0.009124221153
71	4.167621	4.1561468	4.1530032	4.1243166	0.004090209786	0.00409954919	0.004097271718	0.004096991499	23.129765	23.084994	23.066346	22.934813	0.009503392146	0.009426687018	0.009406061695	0.009140068528
72	4.167267	4.1562798	4.1528314	4.1247634	0.004082229979	0.004091582273	0.004090044181	0.004087432931	23.129765	23.085139	23.067477	22.937067	0.009503392146	0.009431914987	0.009407511803	0.00914463205
73	4.166937	4.1561896	4.1529072	4.1256916	0.004095013156	0.004101113249	0.00409875605	0.004096961699	23.129765	23.085958	23.068166	22.939628	0.009503392146	0.009432984262	0.009408836728	0.00914932304
74	4.168047	4.157083	4.1533942	4.1262864	0.004077025664	0.004085011384	0.004085669775	0.004081168234	23.129765	23.086205	23.069141	22.942022	0.009503392146	0.009433774395	0.009409960933	0.009154558546
75	4.167461	4.1572196	4.1535958	4.1273974	0.004082853598	0.004088661038	0.004088926653	0.004087781137	23.129765	23.086818	23.069869	22.944367	0.009503392146	0.009432524344	0.009412009465	0.009159645545
76	4.163721	4.1530198	4.1496928	4.123168	0.004107101999	0.00411591004	0.004113612583	0.004115493156	23.129765	23.088599	23.070154	22.94792	0.009503392146	0.009430966518	0.009413312036	0.009172085404
77	4.165853	4.1558402	4.1519384	4.125649	0.004095361344	0.004099982592	0.004101982844	0.004099558538	23.129765	23.086951	23.070802	22.949665	0.009503392146	0.009434267285	0.009414416842	0.009176105293
78	4.163855	4.1536204	4.1505568	4.1248172	0.004107252077	0.004114815719	0.004112794998	0.004110720642	23.129765	23.087922	23.071464	22.951716	0.009503392146	0.00943673889	0.009415427912	0.009180077297
79	4.165731	4.1562566	4.1521708	4.1280356	0.004092767248	0.004098774517	0.004098691837	0.004092633401	23.129765	23.089293	23.072034	22.953888	0.009503392146	0.009437143129	0.009416392852	0.009184171346
80	4.169503	4.1598664	4.156729	4.1324798	0.004078023074	0.004083301316	0.004083598924	0.004081248751	23.129765	23.088752	23.072905	22.955789	0.009503392146	0.009435974213	0.00941758869	0.009188283154
81	4.168247	4.1585934	4.1560692	4.1321052	0.004078236067	0.004085587555	0.00408210823	0.004076616124	23.129765	23.090447	23.073996	22.957906	0.009503392146	0.009438434801	0.009418371602	0.009192141747
82	4.166011	4.1560558	4.1532774	4.1288434	0.004095373147	0.004103685046	0.004101929647	0.004101197539	23.129765	23.089899	23.074787	22.960297	0.009503392146	0.009439277457	0.009420214917	0.009200538694
83	4.168135	4.15811	4.1553846	4.1314498	0.004085665677	0.004095859865	0.004092178942	0.004089410014	23.129765	23.09055	23.075053	22.961529	0.009503392146	0.009440640241	0.009420861294	0.009204664393
84	4.164503	4.1551964	4.1520144	4.1288048	0.004109287593	0.004114235287	0.004116414656	0.004110772497	23.129765	23.090682	23.075552	22.963234	0.009503392146	0.009439525225	0.00942199889	0.009207623642
85	4.167127	4.1581372	4.1548272	4.1328882	0.004095034042	0.004098345489	0.004100491428	0.004091376245	23.129765	23.090386	23.075746	22.965171	0.009503392146	0.009441497927	0.00942310349	0.009211472876
86	4.162361	4.1533246	4.1503716	4.127647	0.00411372771	0.004117608314	0.004116738981	0.004111511189	23.129765	23.091753	23.076298	22.967015	0.009503392146	0.009441563032	0.009423729271	0.00921618117
87	4.169185	4.1597368	4.156941	4.1337754	0.004085049294	0.004091155411	0.004088971971	0.004088326923	23.129765	23.093404	23.076495	22.968687	0.009503392146	0.00943864021	0.009424498255	0.009220279287
88	4.168397	4.1590474	4.1562742	4.1341056	0.004082845712	0.004092226208	0.004091036579	0.00408885072	23.129765	23.092507	23.077031	22.970458	0.009503392146	0.009441651542	0.009425575472	0.009226549107
89	4.163701	4.154663	4.1517704	4.13023	0.004109289846	0.004114110856	0.004113937933	0.004111372764	23.129765	23.093265	23.077812	22.97213	0.009503392146	0.009442278355	0.009426015246	0.009230568642
90	4.167687	4.159384	4.1563804	4.1344862	0.004083298558	0.004088955539	0.004088517907	0.004085932346	23.129765	23.0941	23.078222	22.973471	0.009503392146	0.009443972851	0.009427386976	0.009233406561
91	4.167555	4.1588864	4.1555952	4.1341884	0.004092255514	0.004096512778	0.004096904553	0.004089978277	23.129765	23.093742	23.078946	22.974972	0.009503392146	0.009443692017	0.009427346269	0.00923673864
92	4.166763	4.1581212	4.1552594	4.1339618	0.004090527089	0.004096796546	0.004096521371	0.004092347489	23.129765	23.094806	23.079497	22.976529	0.009503392146	0.009444518047	0.009428745037	0.009240757592
93	4.165703	4.157034	4.1543972	4.1325978	0.004103008281	0.004109208091	0.004108650821	0.004108072368	23.129765	23.09519	23.079746	22.977709	0.009503392146	0.009445921459	0.009429116885	0.009243695462
94	4.168739	4.160414	4.1580638	4.1375044	0.004082339046	0.004087264136	0.00408583677	0.004080219517	23.129765	23.09399	23.080599	22.979062	0.009503392146	0.009445636162	0.009430395326	0.009248394504
95	4.163895	4.1555534	4.1526442	4.1324166	0.004110461452	0.004115000198	0.004117041151	0.004112994973	23.129765	23.094627	23.081261	22.980383	0.009503392146	0.009444492199	0.009431289621	0.009251731189
96	4.162979	4.1553032	4.1523144	4.1318718	0.004110824906	0.004112110959	0.004111252832	0.004104356144	23.129765	23.096116	23.081532	22.981519	0.009503392146	0.00944647472	0.009432240043	0.00925523866
97	4.164269	4.1560192	4.1535604	4.1335532	0.004103075871	0.004107586735	0.004107119382	0.004101153459	23.129765	23.096816	23.082542	22.982636	0.009503392146	0.009446517613	0.00943219815	0.009258831469
98	4.166167	4.1582538	4.155812	4.1363632	0.004097249247	0.004103903322	0.004101769938	0.004091765324	23.129765	23.097219	23.08279	22.983466	0.009503392146	0.009448328499	0.009433398142	0.009262449241
99	4.164241	4.1562072	4.1534608	4.1346054	0.004102545343	0.004104843464	0.004104277107	0.004097281078	23.129765	23.095476	23.082854	22.984727	0.009503392146	0.00944924468	0.00943435823	0.009265598964
100	4.167415	4.1593436	4.1566632	4.1370414	0.004079635638	0.00408620535	0.004086042733	0.004080640973	23.129765	23.097098	23.083276	22.985527	0.009503392146	0.009448044392	0.009434861485	0.009268805371
