n	avgPP	avgPF	avgPT	avgPE	sdPP	sdPF	sdPT	sdPE	avgIP	avgIF	avgIT	avgIE	sdIP	sdIF	sdIT	sdIE
0	17.0261092	14.268364	14.268364	14.268364	0.01319033332	0.01384344993	0.01384344993	0.01384344993	27.760836	26	26	26	0.01466417702	0	0	0
1	17.0243192	15.9121146	15.7589003	15.3021834	0.01319484937	0.01337206068	0.01323286786	0.01245600775	27.760836	26.995878	26.877989	26.208442	0.01466417702	0.0118544471	0.01103610787	0.008111345579
2	17.0255912	16.3289324	16.2236156	15.7800075	0.01317603651	0.01325666443	0.01320055914	0.01274361939	27.760836	27.252052	27.189028	26.821085	0.01466417702	0.01301760171	0.01261498967	0.01040192859
3	17.0314052	16.5183642	16.4396851	16.0728131	0.01318052061	0.01324617497	0.01321432966	0.01260300919	27.760836	27.393946	27.344273	26.895913	0.01466417702	0.0135278141	0.01324435839	0.01127691208
4	17.0238392	16.6191167	16.557569	16.2531814	0.01318036333	0.01323246548	0.01320493128	0.01270182024	27.760836	27.480401	27.43227	27.079442	0.01466417702	0.01376407836	0.01357933104	0.01197350225
5	17.0252592	16.6916651	16.6421562	16.3877437	0.0131827126	0.01322654825	0.01320574773	0.01284751069	27.760836	27.527253	27.487526	27.247371	0.01466417702	0.01393516276	0.01378496382	0.01256731423
6	17.0364592	16.7536141	16.7121223	16.4999983	0.01316925746	0.01320485826	0.01319262093	0.01295829679	27.760836	27.558803	27.527389	27.373749	0.01466417702	0.01404673073	0.01392705833	0.01305191845
7	17.0223412	16.7736566	16.7370401	16.5555492	0.01319494421	0.0132270207	0.01322324608	0.01305981722	27.760836	27.583058	27.559283	27.452156	0.01466417702	0.01413621264	0.01403270905	0.01339561676
8	17.0290252	16.8096259	16.7771892	16.6222468	0.01318190984	0.01321656207	0.01320955617	0.01302814365	27.760836	27.605717	27.581416	27.455704	0.01466417702	0.01419393844	0.0141090016	0.01344803277
9	17.0283232	16.8330762	16.8049212	16.6711805	0.01317308318	0.01319939934	0.01319317819	0.01306036062	27.760836	27.624846	27.600776	27.504215	0.01466417702	0.01423363878	0.01416915199	0.01368176016
10	17.0341252	16.8592342	16.8325124	16.7125654	0.01316931894	0.01318923682	0.0131849958	0.01305756765	27.760836	27.632166	27.615712	27.515822	0.01466417702	0.01429573956	0.01421799527	0.01374253701
11	17.0201892	16.8557565	16.8317529	16.7260396	0.01319828493	0.01322137045	0.01321726381	0.01312130766	27.760836	27.646115	27.628547	27.553748	0.01466417702	0.01431621914	0.01425730845	0.0138977525
12	17.0288352	16.8782318	16.8566876	16.7600361	0.01318652497	0.01319478116	0.01319945542	0.01311609245	27.760836	27.645814	27.637728	27.566903	0.01466417702	0.01434998067	0.01429034483	0.01395478304
13	17.0305652	16.8923794	16.8720682	16.7853616	0.01319044625	0.01321978142	0.01320371354	0.01313499983	27.760836	27.676142	27.646766	27.586048	0.01466417702	0.01437066811	0.01431825935	0.0140417545
14	17.0256232	16.8962754	16.8768581	16.797734	0.01319865735	0.01321912831	0.01321047655	0.01315255736	27.760836	27.674362	27.654563	27.59772	0.01466417702	0.01439382577	0.01434354593	0.01408416074
15	17.0236372	16.9035971	16.8858936	16.812224	0.01319847419	0.0132132873	0.0132120669	0.01316414821	27.760836	27.676193	27.661008	27.6098	0.01466417702	0.01441642904	0.01436621121	0.01414732617
16	17.0343872	16.9180883	16.9019733	16.8342662	0.01317233569	0.01319867282	0.01319366224	0.01314841301	27.760836	27.684329	27.666999	27.618306	0.01466417702	0.01443158861	0.01438603753	0.01418152932
17	17.0321992	16.9264741	16.9107275	16.8478979	0.01317974342	0.01319040892	0.01318864155	0.01315079359	27.760836	27.685903	27.672585	27.626857	0.01466417702	0.01443836981	0.01440267087	0.01421307347
18	17.0213312	16.920819	16.9057198	16.8455647	0.01319995407	0.01321531466	0.01321486127	0.0131806474	27.760836	27.68881	27.677494	27.635141	0.01466417702	0.0144480194	0.01441810798	0.01424888965
19	17.0279032	16.9313497	16.9171212	16.8623781	0.01317554317	0.01318765941	0.01318552663	0.01315753025	27.760836	27.694491	27.681176	27.641803	0.01466417702	0.01445828189	0.01442963228	0.01427437669
20	17.0261392	16.9330124	16.9201747	16.8683687	0.01319719756	0.01321010536	0.01321288069	0.01318240932	27.760836	27.694312	27.685101	27.647041	0.01466417702	0.01446574827	0.01444040663	0.01429331235
21	17.0239392	16.934449	16.9216581	16.873102	0.01319521073	0.01320725798	0.01320975946	0.01318002134	27.760836	27.69739	27.688703	27.65206	0.01466417702	0.01447856017	0.01445160934	0.01431413122
22	17.0292692	16.9448282	16.9318699	16.8856341	0.01318938351	0.01320198384	0.01320302349	0.01318228308	27.760836	27.699746	27.691237	27.657263	0.01466417702	0.01448971227	0.0144596259	0.01433540166
23	17.0299392	16.9508395	16.9391094	16.8940742	0.01318293047	0.0131885999	0.01319071589	0.01317071205	27.760836	27.701025	27.694342	27.661826	0.01466417702	0.01449572719	0.01447026993	0.01435131112
24	17.0307992	16.9534457	16.9414175	16.8998411	0.01317452327	0.013185626	0.01318582775	0.0131649347	27.760836	27.704851	27.697665	27.665113	0.01466417702	0.01450240262	0.0144785622	0.01436665606
25	17.0223332	16.9482473	16.9381795	16.896827	0.01318723513	0.01319563954	0.01319598558	0.01318109655	27.760836	27.708639	27.699625	27.66913	0.01466417702	0.01450765978	0.0144849724	0.01438075907
26	17.0287732	16.958346	16.9486246	16.9082988	0.01318394104	0.01319378403	0.01319301707	0.01317479889	27.760836	27.71068	27.702158	27.671764	0.01466417702	0.01451347705	0.01449215502	0.01439161269
27	17.0327652	16.9639604	16.9539156	16.916924	0.01319664454	0.0132020042	0.01320283011	0.01318831652	27.760836	27.709692	27.703748	27.6745	0.01466417702	0.01452127931	0.01449859277	0.01440384541
28	17.0338792	16.9684069	16.9592837	16.9239828	0.01318777227	0.01319454637	0.01319369832	0.01317968536	27.760836	27.711687	27.705611	27.677784	0.01466417702	0.01452576371	0.014504506	0.01441495761
29	17.0284052	16.9635292	16.9540834	16.920163	0.01318717616	0.01319690033	0.01319410796	0.01318363014	27.760836	27.716896	27.707782	27.68107	0.01466417702	0.01452860006	0.0145089457	0.01442586894
30	17.0262512	16.9620739	16.9529179	16.9202441	0.01318179959	0.01319270959	0.01319309984	0.01318004078	27.760836	27.718397	27.709477	27.683183	0.01466417702	0.01453453138	0.01451474268	0.01443325478
31	17.0212472	16.9602358	16.9524467	16.921043	0.01319701554	0.01320717286	0.0132062343	0.0131940357	27.760836	27.717634	27.710941	27.68499	0.01466417702	0.01454040666	0.0145196809	0.01444271255
32	17.0335432	16.9766532	16.9687611	16.9376817	0.01317732942	0.01317932815	0.01317990982	0.01316994489	27.760836	27.718256	27.712293	27.687571	0.01466417702	0.01454189548	0.01452586594	0.01445076824
33	17.0282952	16.9715286	16.9633544	16.9327793	0.01318515508	0.01319594382	0.01319519342	0.01318399929	27.760836	27.722818	27.713872	27.689699	0.01466417702	0.0145422328	0.01452951579	0.01445842417
34	17.0209632	16.9678508	16.9596891	16.931772	0.0131743651	0.01317839861	0.01318127206	0.01316907325	27.760836	27.719904	27.714933	27.69194	0.01466417702	0.01455209169	0.01453349249	0.01446460685
35	17.0332112	16.9787595	16.9723321	16.9427976	0.01317769134	0.01318507755	0.01318519108	0.01317493935	27.760836	27.723085	27.715643	27.693108	0.01466417702	0.01454996626	0.01453676559	0.01447055427
36	17.0285372	16.9776903	16.9700318	16.9423378	0.01316757898	0.01317187235	0.01317259428	0.01316636882	27.760836	27.721969	27.716714	27.694414	0.01466417702	0.01455904478	0.01454052946	0.01447606239
37	17.0211532	16.9713583	16.9646476	16.938023	0.01318701398	0.01319527512	0.01319215992	0.01318638146	27.760836	27.727749	27.717848	27.69631	0.01466417702	0.01455452734	0.01454277409	0.01448108127
38	17.0282472	16.9782168	16.9712793	16.9471769	0.0131871097	0.01318879064	0.01318889187	0.013180062	27.760836	27.724084	27.718699	27.697447	0.01466417702	0.01456188296	0.01454700273	0.01448611368
39	17.0320592	16.9833638	16.9772345	16.9520543	0.01318526667	0.01318828918	0.01318901524	0.01317929631	27.760836	27.725214	27.719935	27.698949	0.01466417702	0.01456441168	0.01454956751	0.0144916584
40	17.0231552	16.9754082	16.9697106	16.9450257	0.01319027838	0.01319976946	0.0131969377	0.01319032539	27.760836	27.730346	27.720838	27.700491	0.01466417702	0.01456454252	0.0145526923	0.01449624826
41	17.0254692	16.9803965	16.9747119	16.9515454	0.01319289017	0.01319982077	0.01319944541	0.01319057109	27.760836	27.727775	27.721377	27.701582	0.01466417702	0.0145679494	0.01455444285	0.01449950579
42	17.0280192	16.9846169	16.9787907	16.9570917	0.01318422916	0.01318771336	0.01318794703	0.01318000722	27.760836	27.727287	27.722641	27.702611	0.01466417702	0.01457088307	0.01455764032	0.01450477068
43	17.0276132	16.9838854	16.9779846	16.9557365	0.01318986505	0.01319456791	0.01319620101	0.0131870077	27.760836	27.727682	27.723358	27.704635	0.01466417702	0.01457137929	0.01456007189	0.01450844048
44	17.0240792	16.9799759	16.9748104	16.9544297	0.01318969215	0.01319395273	0.01319383647	0.0131855424	27.760836	27.729177	27.724032	27.705671	0.01466417702	0.01457332601	0.01456182061	0.01451367418
45	17.0302192	16.987213	16.9815893	16.9607885	0.01317099145	0.01317561796	0.01317497615	0.01316898732	27.760836	27.73107	27.724859	27.706235	0.01466417702	0.01457259881	0.01456563205	0.01451712156
46	17.0231012	16.9823152	16.9768831	16.9568741	0.01319489103	0.0132018482	0.01320018505	0.01319373556	27.760836	27.731096	27.725713	27.707123	0.01466417702	0.01457443822	0.0145674907	0.01451993015
47	17.0326832	16.9901747	16.9856551	16.965689	0.01317853906	0.0131828651	0.01318117413	0.01317441903	27.760836	27.731341	27.725513	27.70815	0.01466417702	0.01457750928	0.01456887225	0.01452281498
48	17.0343032	16.9946792	16.989496	16.9699587	0.01318052148	0.01318381541	0.01318311078	0.01317683661	27.760836	27.732736	27.72658	27.709561	0.01466417702	0.01457968252	0.01457186182	0.01452734165
49	17.0264852	16.9882555	16.9825712	16.9636545	0.01317573868	0.01317847697	0.01317731421	0.01317087499	27.760836	27.734985	27.727376	27.709735	0.01466417702	0.014580664	0.01457370194	0.01452958327
50	17.0300512	16.993643	16.9877495	16.9706123	0.01318297734	0.0131886379	0.01318847795	0.01317947286	27.760836	27.73399	27.728385	27.710709	0.01466417702	0.01458745851	0.01457589414	0.0145323508
51	17.0337012	16.9964236	16.9924816	16.9738653	0.01316991436	0.01317538465	0.01317341746	0.0131667784	27.760836	27.734948	27.728488	27.711119	0.01466417702	0.01458418428	0.0145768217	0.01453581613
52	17.0271692	16.991069	16.9859937	16.9683662	0.01317989479	0.01318581609	0.01318563453	0.01317757557	27.760836	27.73511	27.729431	27.712126	0.01466417702	0.01458830445	0.01457901212	0.01453905007
53	17.0209992	16.9847619	16.9803309	16.9619821	0.0132035292	0.01320767471	0.0132080445	0.0132000136	27.760836	27.735637	27.729587	27.712603	0.01466417702	0.01459102812	0.01457997735	0.01454100355
54	17.0308132	16.9970922	16.9930039	16.974685	0.01317489953	0.01318044451	0.01317919088	0.0131735266	27.760836	27.736786	27.730117	27.71305	0.01466417702	0.01458892868	0.01458252929	0.01454353108
55	17.0285772	16.9944267	16.9893616	16.9730019	0.01317658869	0.01318062445	0.01317979295	0.01317342226	27.760836	27.736281	27.730748	27.713877	0.01466417702	0.0145946697	0.01458397618	0.01454569756
56	17.0277312	16.9942045	16.9892029	16.9728043	0.01318530012	0.01318985035	0.01318903719	0.01318144932	27.760836	27.736755	27.731247	27.714469	0.01466417702	0.01459326164	0.01458482006	0.01454807464
57	17.0292972	16.9955189	16.9905649	16.9741815	0.01318855378	0.01319012783	0.01319135799	0.01318135774	27.760836	27.736547	27.732047	27.714945	0.01466417702	0.01459487846	0.01458577423	0.01455142832
58	17.0285912	16.9958073	16.9916685	16.975397	0.01318632377	0.01319123681	0.01319183882	0.01318104985	27.760836	27.737059	27.733015	27.71553	0.01466417702	0.01459643734	0.01458843542	0.0145519933
59	17.0287912	16.9976295	16.9930126	16.9775631	0.01318876085	0.01319408543	0.0131926363	0.01318569369	27.760836	27.738025	27.733398	27.716253	0.01466417702	0.014596398	0.01458957947	0.01455443393
60	17.0163872	16.9852081	16.9804181	16.9658834	0.01318872089	0.0131935183	0.01319361932	0.01318596528	27.760836	27.738723	27.734123	27.716302	0.01466417702	0.01459972633	0.01459104381	0.01455679143
61	17.0262772	16.9954652	16.9914936	16.9763171	0.01317066564	0.01317515285	0.01317411302	0.0131651349	27.760836	27.739656	27.734048	27.716293	0.01466417702	0.01460076219	0.01459215945	0.01455824598
62	17.0265472	16.9949862	16.9911901	16.976565	0.01318376579	0.01318609136	0.0131869856	0.0131796152	27.760836	27.738446	27.734603	27.71681	0.01466417702	0.01460016788	0.01459217418	0.0145595487
63	17.0282192	16.9972652	16.9930658	16.9787146	0.01319326253	0.0131953504	0.01319465002	0.01318657346	27.760836	27.738216	27.734634	27.716918	0.01466417702	0.01460065512	0.01459277408	0.01456123769
64	17.0304152	17.0000164	16.9965111	16.9812271	0.01318460596	0.0131890246	0.01318732623	0.0131777327	27.760836	27.740972	27.735013	27.717373	0.01466417702	0.01460086368	0.0145949147	0.01456307147
65	17.0227912	16.993313	16.9894196	16.9748455	0.01318023107	0.0131813903	0.01318191938	0.01317231299	27.760836	27.73929	27.735448	27.717005	0.01466417702	0.01460350765	0.01459532733	0.01456438955
66	17.0263852	16.9978787	16.9934417	16.9798695	0.0131764901	0.01317657556	0.01317726409	0.01316850753	27.760836	27.738581	27.735711	27.717305	0.01466417702	0.0146021824	0.0145967228	0.01456554529
67	17.0318532	17.0047625	17.0002759	16.9858418	0.01318375549	0.01318857795	0.0131853949	0.01317484239	27.760836	27.741815	27.735777	27.717114	0.01466417702	0.01460343862	0.0145980043	0.01456711673
68	17.0387652	17.0104464	17.0069576	16.9932651	0.01319194843	0.01319618893	0.01319644136	0.01318490624	27.760836	27.740232	27.736428	27.716813	0.01466417702	0.01460538319	0.01459882962	0.01456874966
69	17.0242632	16.9958324	16.9920299	16.9789943	0.01318779433	0.01318935878	0.01319080593	0.01318007878	27.760836	27.739492	27.737077	27.717269	0.01466417702	0.01460608453	0.01460032772	0.01457109156
70	17.0275952	17.000685	16.9970165	16.9838268	0.01319597989	0.01319561226	0.01319555454	0.01318625491	27.760836	27.73947	27.736935	27.716884	0.01466417702	0.01460632368	0.01460023606	0.01457183491
71	17.0337452	17.0077004	17.0040085	16.9908984	0.01317138521	0.01317201515	0.01317341325	0.01316151727	27.760836	27.740732	27.737395	27.716332	0.01466417702	0.01460810704	0.01460244555	0.01457322802
72	17.0269812	17.0019283	16.9981097	16.985332	0.01318524561	0.01318938284	0.01318709785	0.01317276319	27.760836	27.743189	27.737871	27.71568	0.01466417702	0.0146114324	0.01460287959	0.01457397977
73	17.0339872	17.0093596	17.0054871	16.9936573	0.01317780362	0.01318308284	0.01318136965	0.01316716252	27.760836	27.742008	27.737553	27.714899	0.01466417702	0.01461162342	0.01460380547	0.01457595504
74	17.0281972	17.0021053	16.9989412	16.986955	0.01319020282	0.01319600043	0.01319460967	0.01318130435	27.760836	27.742039	27.737816	27.71441	0.01466417702	0.01461224164	0.014604116	0.01457612371
75	17.0240792	17.000156	16.996822	16.9843286	0.01318600104	0.01318912698	0.0131883301	0.01317268863	27.760836	27.74274	27.73822	27.713738	0.01466417702	0.01461069072	0.01460507947	0.01457751543
76	17.0282652	17.0034968	17.000319	16.9879793	0.01318992528	0.01319117273	0.01318987771	0.01317350432	27.760836	27.743284	27.73843	27.713119	0.01466417702	0.01461157093	0.01460572782	0.01457929945
77	17.0248312	17.000652	16.9968171	16.9856832	0.01318272009	0.01318381963	0.01318434026	0.01316550696	27.760836	27.74352	27.738693	27.711916	0.01466417702	0.01461289953	0.01460635755	0.01457862426
78	17.0257772	17.0002089	16.9959114	16.9840828	0.013204911	0.01320759505	0.01320769845	0.01318881275	27.760836	27.743527	27.739262	27.710664	0.01466417702	0.0146138218	0.01460720836	0.01457928817
79	17.0351312	17.0110953	17.0076243	16.9958996	0.01317185754	0.01317563013	0.01317510162	0.0131536027	27.760836	27.744219	27.739629	27.709068	0.01466417702	0.01461590158	0.01460785508	0.01458064141
80	17.0307332	17.007176	17.0040275	16.9921502	0.01317556154	0.01317794484	0.01317704024	0.01315297145	27.760836	27.74442	27.740405	27.707966	0.01466417702	0.01461480495	0.01460835651	0.0145819505
81	17.0300092	17.0061098	17.0026751	16.9915058	0.01317182413	0.01317272948	0.01317256275	0.01314897673	27.760836	27.743634	27.740413	27.706654	0.01466417702	0.01461555639	0.01460937604	0.01458326715
82	17.0323872	17.0095199	17.0062697	16.993566	0.01317537091	0.01317676769	0.01317693292	0.0131517672	27.760836	27.743697	27.740211	27.70526	0.01466417702	0.01461416868	0.0146091816	0.0145832332
83	17.0298672	17.0066208	17.0033104	16.9933603	0.01317326483	0.01317642482	0.01317487484	0.01314862783	27.760836	27.743604	27.740492	27.703629	0.01466417702	0.01461617703	0.01460989563	0.01458387475
84	17.0316292	17.0094718	17.006588	16.9953692	0.01317655292	0.01317995046	0.01317870619	0.01314848317	27.760836	27.745674	27.7411	27.701576	0.01466417702	0.01461678984	0.01461076059	0.01458439655
85	17.0235732	17.000335	16.9978101	16.9863327	0.01318753458	0.01319134195	0.01319050649	0.01315646272	27.760836	27.74487	27.741343	27.699181	0.01466417702	0.01461887996	0.01461141327	0.01458491779
86	17.0219532	16.9990511	16.9967705	16.9865238	0.01319275685	0.01319642469	0.01319618341	0.0131598309	27.760836	27.745313	27.741175	27.696574	0.01466417702	0.01461751169	0.01461209356	0.0145856297
87	17.0244752	17.0027873	16.9993337	16.9889561	0.01318350781	0.01318478025	0.01318537495	0.01314789129	27.760836	27.744459	27.741291	27.694363	0.01466417702	0.01461826544	0.01461312228	0.0145858976
88	17.0251232	17.0039596	17.000542	16.9903831	0.01318750704	0.01319182447	0.01319083845	0.01314988998	27.760836	27.746768	27.74164	27.691893	0.01466417702	0.01461730066	0.01461396553	0.01458596214
89	17.0343552	17.0119382	17.0089974	16.9990011	0.01316320259	0.01316574225	0.0131658834	0.01312299238	27.760836	27.744686	27.741882	27.688893	0.01466417702	0.01461987089	0.01461381161	0.01458639464
90	17.0295712	17.0089949	17.0058047	16.9950406	0.01318954928	0.01318979126	0.01318864622	0.0131439756	27.760836	27.744787	27.741861	27.685558	0.01466417702	0.014620886	0.01461385632	0.01458630573
91	17.0329292	17.0124561	17.0089902	16.9994766	0.01319110978	0.01319429703	0.01319108479	0.01314257009	27.760836	27.747263	27.742146	27.682638	0.01466417702	0.01461955114	0.01461458579	0.01458659295
92	17.0261732	17.0061015	17.0029406	16.9923889	0.01319478485	0.01319904893	0.01319752506	0.01314602705	27.760836	27.746385	27.742258	27.679607	0.01466417702	0.0146206544	0.01461521924	0.01458716022
93	17.0306512	17.0102532	17.0075373	16.9968158	0.01319272978	0.01319335621	0.01319335568	0.01313637173	27.760836	27.746016	27.742479	27.676094	0.01466417702	0.0146215448	0.01461559969	0.01458716016
94	17.0259092	17.0065749	17.0035599	16.9937773	0.01316990883	0.01317375279	0.01317227303	0.01311227305	27.760836	27.747267	27.742817	27.671839	0.01466417702	0.01462238801	0.01461700662	0.01458665352
95	17.0301152	17.0095903	17.0070494	16.9971374	0.01318162697	0.01318316813	0.01318225832	0.01311908573	27.760836	27.746689	27.743282	27.667922	0.01466417702	0.01462263411	0.01461753513	0.01458575448
96	17.0282572	17.0084937	17.0059746	16.9959385	0.01319665035	0.01319830437	0.01319772556	0.01312984672	27.760836	27.747151	27.743198	27.663575	0.01466417702	0.01462225972	0.0146185591	0.01458590316
97	17.0266452	17.0069977	17.0038196	16.9939289	0.01318160665	0.01318467036	0.01318496795	0.01311103786	27.760836	27.746431	27.743628	27.659207	0.01466417702	0.01462436101	0.01461883512	0.01458593791
98	17.0250612	17.0052686	17.0023556	16.9926306	0.01318340538	0.01318486668	0.01318355088	0.01310561692	27.760836	27.747518	27.743528	27.654278	0.01466417702	0.01462387937	0.0146195208	0.01458493852
99	17.0309812	17.0120016	17.0096088	16.9999608	0.01317906766	0.01318321429	0.01318027416	0.0130994577	27.760836	27.748968	27.743484	27.649604	0.01466417702	0.01462302745	0.0146191192	0.01458429955
100	17.0230112	17.0035343	17.0003257	16.9909751	0.01320390707	0.01320590077	0.01320452522	0.01311751904	27.760836	27.747669	27.743851	27.644473	0.01466417702	0.01462560901	0.0146201996	0.01458344568
