n	avgPP	avgPF	avgPT	avgPE	sdPP	sdPF	sdPT	sdPE	avgIP	avgIF	avgIT	avgIE	sdIP	sdIF	sdIT	sdIE
0	25.659846	23.857356	23.857356	23.857356	0.01547658615	0.01633714662	0.01633714662	0.01633714662	29.837002	30	30	30	0.01074338304	0	0	0
1	25.666024	24.690403	24.639358	24.500253	0.01548737312	0.01570946504	0.01560317786	0.01571680728	29.837002	29.752993	29.697974	29.831669	0.01074338304	0.00759967691	0.007286523509	0.006790828855
2	25.65835	24.986688	24.942724	24.805825	0.01549855742	0.0155277538	0.01554400887	0.01535449644	29.837002	29.671016	29.69926	29.619895	0.01074338304	0.00877495296	0.0086283445	0.00789398496
3	25.66172	25.151264	25.114978	24.992896	0.01549423441	0.01542059407	0.01552638898	0.01539306152	29.837002	29.629338	29.731222	29.685786	0.01074338304	0.009304749065	0.009209573548	0.008693404786
4	25.65353	25.238608	25.207203	25.103844	0.01548952485	0.01559046952	0.01553594698	0.01544103008	29.837002	29.804324	29.764753	29.742166	0.01074338304	0.009608434763	0.009496676603	0.009101422704
5	25.65859	25.30498	25.278066	25.189965	0.01549157438	0.01550107753	0.01551911143	0.01547477839	29.837002	29.751916	29.772666	29.775519	0.01074338304	0.009804978577	0.009720902091	0.009438583959
6	25.657044	25.358019	25.33475	25.25736	0.01549917979	0.0154604797	0.01552952506	0.01547029827	29.837002	29.715933	29.781288	29.765666	0.01074338304	0.009940788948	0.009869646981	0.009549286412
7	25.647724	25.383767	25.363191	25.292931	0.01550471453	0.01556165066	0.01553362263	0.01548881253	29.837002	29.814559	29.789111	29.783305	0.01074338304	0.01004455749	0.009980009512	0.009759013219
8	25.666992	25.429383	25.410774	25.348826	0.01547406284	0.0154861702	0.0155014113	0.01545853983	29.837002	29.778747	29.79322	29.781878	0.01074338304	0.01012568681	0.01006942106	0.009856634426
9	25.66258	25.446114	25.427962	25.373266	0.01549723133	0.01547097126	0.015520771	0.01548986784	29.837002	29.752276	29.798472	29.792138	0.01074338304	0.01018787032	0.01013907777	0.009969257356
10	25.660998	25.465341	25.448748	25.398626	0.01549124089	0.01553123856	0.0155118293	0.01548579959	29.837002	29.821049	29.802302	29.796402	0.01074338304	0.01023904728	0.01019447958	0.01003640925
11	25.654686	25.477501	25.463316	25.416821	0.01549700705	0.01550841605	0.01552100561	0.015500453	29.837002	29.794645	29.805468	29.801159	0.01074338304	0.01028265799	0.01024174151	0.01009918635
12	25.658362	25.492773	25.479547	25.43769	0.01549927427	0.01548238604	0.01552043328	0.01550454206	29.837002	29.772037	29.807343	29.80463	0.01074338304	0.01031607855	0.01027878975	0.01015480434
13	25.660904	25.506714	25.494013	25.455761	0.01549126225	0.01552569059	0.01551139577	0.01550023337	29.837002	29.823794	29.809071	29.805513	0.01074338304	0.01034736281	0.01031341958	0.01020070187
14	25.653922	25.512084	25.500466	25.464555	0.01548666146	0.01549351033	0.01550378886	0.0154898479	29.837002	29.802808	29.811552	29.807767	0.01074338304	0.01037382495	0.01034283498	0.01023819705
15	25.655748	25.520107	25.508937	25.473748	0.01548762049	0.01547374829	0.01550447624	0.01549178809	29.837002	29.784345	29.812367	29.808864	0.01074338304	0.0103980433	0.01036793293	0.01027025309
16	25.651924	25.527801	25.517594	25.486265	0.01550138334	0.01552838644	0.01551480427	0.01550253224	29.837002	29.825699	29.813256	29.810033	0.01074338304	0.01041851241	0.01039012301	0.01029759885
17	25.66785	25.548004	25.538133	25.508176	0.01549103441	0.0155004233	0.01550862339	0.01550072288	29.837002	29.808094	29.814499	29.811068	0.01074338304	0.01043695058	0.01040970976	0.01032637239
18	25.663674	25.551818	25.54213	25.514289	0.0154901268	0.01547561752	0.0155016091	0.01549555898	29.837002	29.79222	29.815958	29.812919	0.01074338304	0.0104523935	0.01042724473	0.01034936935
19	25.673416	25.564816	25.555418	25.527599	0.01549562481	0.01551809172	0.01550824624	0.01549920026	29.837002	29.827926	29.817012	29.814117	0.01074338304	0.01046735079	0.01044381908	0.01036954342
20	25.65819	25.555652	25.546848	25.521775	0.0154867572	0.01549251415	0.01549939519	0.01549295391	29.837002	29.813204	29.818694	29.815049	0.01074338304	0.0104807246	0.01045855607	0.01039040908
21	25.661338	25.562286	25.554571	25.530031	0.01549359241	0.01548050297	0.01550336789	0.0154950193	29.837002	29.798652	29.819347	29.816067	0.01074338304	0.01049390656	0.01047185649	0.01040565271
22	25.65573	25.563476	25.555437	25.533005	0.01550166376	0.01552371245	0.01551417412	0.01550971955	29.837002	29.829702	29.820149	29.817347	0.01074338304	0.01050569568	0.01048341124	0.01042269308
23	25.656914	25.566933	25.559732	25.537573	0.01549212448	0.01549725193	0.01550591772	0.01549909789	29.837002	29.816075	29.820962	29.817591	0.01074338304	0.01051479799	0.0104955729	0.01043582822
24	25.670812	25.582904	25.575199	25.555121	0.01548519948	0.01547647937	0.01549547658	0.01548811299	29.837002	29.803524	29.821123	29.817779	0.01074338304	0.01052338913	0.01050546008	0.01044924051
25	25.665894	25.58282	25.575845	25.555787	0.01547491032	0.015496314	0.01548846344	0.01548359388	29.837002	29.83102	29.822527	29.819067	0.01074338304	0.01053200353	0.01051453452	0.01046032164
26	25.654316	25.575114	25.569037	25.549377	0.01550343115	0.01550834496	0.01551459398	0.01550927485	29.837002	29.81893	29.822651	29.819915	0.01074338304	0.01053885139	0.01052271178	0.01046941535
27	25.65324	25.576095	25.569287	25.55044	0.0155032308	0.01549420998	0.01551169954	0.01550826445	29.837002	29.807849	29.823469	29.820006	0.01074338304	0.0105456998	0.01053036566	0.01048102935
28	25.659642	25.584579	25.57828	25.560065	0.0155001022	0.01552011407	0.01551187549	0.01550632626	29.837002	29.831807	29.823592	29.820093	0.01074338304	0.01055367294	0.01053755701	0.01048931519
29	25.655672	25.583949	25.577783	25.559848	0.01550830339	0.01551496622	0.01551830399	0.01551424116	29.837002	29.820625	29.823731	29.820284	0.01074338304	0.01055940402	0.01054487891	0.01049791531
30	25.656362	25.587226	25.58118	25.564531	0.01550190597	0.01549373592	0.01550991066	0.01550576977	29.837002	29.8106	29.824464	29.820585	0.01074338304	0.01056507356	0.01055146009	0.01050692292
31	25.64944	25.5808	25.575519	25.559861	0.01550460726	0.01551825046	0.01551312519	0.01550899281	29.837002	29.831958	29.825039	29.821523	0.01074338304	0.01057060308	0.01055761831	0.01051484043
32	25.664802	25.59819	25.592748	25.577516	0.01549234249	0.01549484681	0.01549937741	0.01549508886	29.837002	29.821366	29.824728	29.82107	0.01074338304	0.01057586596	0.01056336045	0.01052236453
33	25.657754	25.592917	25.587868	25.573128	0.01549910971	0.0154909563	0.01550493995	0.01550112922	29.837002	29.812761	29.825254	29.821758	0.01074338304	0.01058099745	0.01056835833	0.01052829661
34	25.655008	25.591437	25.586567	25.571671	0.01549584962	0.01551231075	0.01550584786	0.01550224948	29.837002	29.832545	29.825587	29.821979	0.01074338304	0.01058585186	0.01057489337	0.01053538131
35	25.654112	25.593685	25.588746	25.573782	0.0155052933	0.01550742583	0.01551162015	0.01550725231	29.837002	29.823153	29.826008	29.821986	0.01074338304	0.01059026712	0.01057760736	0.01054091971
36	25.655618	25.597253	25.592688	25.578472	0.01550561929	0.01549897465	0.01551213735	0.0155081384	29.837002	29.814163	29.825356	29.821908	0.01074338304	0.01059431706	0.01058141114	0.0105456962
37	25.659828	25.603585	25.599495	25.585925	0.0154909653	0.01550115175	0.01549616425	0.01549096975	29.837002	29.832439	29.825119	29.821841	0.01074338304	0.0105981482	0.01058592295	0.01055206941
38	25.655006	25.60059	25.594961	25.581859	0.01548736706	0.01549222859	0.01549484231	0.01549239739	29.837002	29.823814	29.825985	29.822633	0.01074338304	0.01060225359	0.01059050429	0.01055794802
39	25.670544	25.616671	25.61193	25.599485	0.01547736399	0.01547048129	0.01548385388	0.01547869011	29.837002	29.815395	29.825934	29.822411	0.01074338304	0.01060571762	0.01059492032	0.01056203613
40	25.652788	25.599304	25.594662	25.582496	0.01551065123	0.0155211903	0.01551584056	0.01551326381	29.837002	29.832552	29.826918	29.823174	0.01074338304	0.01060909536	0.01059788328	0.01056717593
41	25.672034	25.619186	25.614457	25.602143	0.01548549905	0.01548683543	0.01548986798	0.01548777704	29.837002	29.824396	29.826545	29.823229	0.01074338304	0.01061217281	0.01060198616	0.01057047173
42	25.65373	25.602279	25.597794	25.585977	0.01549170852	0.01548383841	0.01549513709	0.01549035833	29.837002	29.817553	29.827166	29.823453	0.01074338304	0.01061476348	0.01060509103	0.01057453101
43	25.659096	25.61103	25.607605	25.594789	0.01547352792	0.01548509641	0.01548015861	0.01547937264	29.837002	29.833216	29.827327	29.823437	0.01074338304	0.01061762925	0.0106074929	0.01057803259
44	25.661892	25.613886	25.60975	25.597908	0.01549563573	0.01550082162	0.0155030201	0.01550005308	29.837002	29.825974	29.827566	29.823922	0.01074338304	0.01062128798	0.01061092805	0.01058179653
45	25.653838	25.606439	25.601784	25.590828	0.01549640634	0.01549314842	0.01550306261	0.01549823457	29.837002	29.819091	29.82806	29.823984	0.01074338304	0.01062349261	0.01061388446	0.01058505971
46	25.662784	25.616552	25.612664	25.601434	0.01548858223	0.01549571043	0.01549127105	0.01548981559	29.837002	29.83281	29.827546	29.82427	0.01074338304	0.01062635703	0.01061752876	0.01058911983
47	25.668366	25.623415	25.619499	25.608085	0.0155018512	0.01550190793	0.01550426561	0.01549945943	29.837002	29.826401	29.827721	29.824449	0.01074338304	0.01062896015	0.01062026833	0.0105925933
48	25.661706	25.616575	25.613124	25.602186	0.01550038731	0.01549683724	0.0155060967	0.01550124913	29.837002	29.820549	29.82856	29.82445	0.01074338304	0.01063183527	0.01062209223	0.01059566273
49	25.658834	25.616457	25.612604	25.603144	0.01549483826	0.01550668048	0.01550207986	0.01549962298	29.837002	29.834127	29.828178	29.825162	0.01074338304	0.0106328713	0.0106253953	0.01059839275
50	25.666764	25.625039	25.621369	25.610207	0.01548820328	0.0154915414	0.01549284651	0.0154916209	29.837002	29.827607	29.828401	29.825049	0.01074338304	0.01063536296	0.01062727475	0.01060080172
51	25.64841	25.606931	25.603145	25.592794	0.01549964022	0.01549645641	0.01550612546	0.01550261375	29.837002	29.821625	29.828695	29.824988	0.01074338304	0.01063795102	0.01062922023	0.0106047495
52	25.651072	25.611013	25.607574	25.59773	0.01550912318	0.01551722664	0.01551255128	0.0155095343	29.837002	29.834147	29.828766	29.825394	0.01074338304	0.01063915754	0.01063109101	0.01060595174
53	25.659672	25.619543	25.615837	25.60644	0.01549573166	0.01549930029	0.01550288739	0.01549961519	29.837002	29.827517	29.829371	29.825378	0.01074338304	0.01064080084	0.01063378563	0.01060872383
54	25.660224	25.620755	25.617775	25.608905	0.01549055329	0.01548565954	0.01549437033	0.01549198608	29.837002	29.821881	29.828783	29.825303	0.01074338304	0.01064302923	0.01063409107	0.01061191809
55	25.660818	25.622688	25.619862	25.611066	0.01549129966	0.01549992292	0.01549700938	0.01549276056	29.837002	29.834344	29.829224	29.824728	0.01074338304	0.01064499685	0.01063686474	0.01061364469
56	25.666718	25.628043	25.624889	25.616245	0.01550639401	0.01550709732	0.01550808348	0.01550544091	29.837002	29.828069	29.829395	29.825277	0.01074338304	0.01064697731	0.01063937873	0.01061701049
57	25.651904	25.615499	25.612268	25.603484	0.01550030553	0.01549698941	0.01550408373	0.01550078285	29.837002	29.822823	29.829506	29.8252	0.01074338304	0.01064880371	0.01064081514	0.01061856231
58	25.649196	25.611036	25.608056	25.599422	0.01548814658	0.01549400561	0.01548967457	0.01548581546	29.837002	29.834362	29.829516	29.824692	0.01074338304	0.01065151204	0.01064266837	0.01062055846
59	25.659028	25.622957	25.620013	25.612052	0.0154942512	0.01549489824	0.01549700489	0.01549263484	29.837002	29.828273	29.829365	29.82472	0.01074338304	0.01065218119	0.0106443542	0.01062227245
60	25.665922	25.63008	25.62686	25.618127	0.01549309351	0.01549012585	0.01549757673	0.0154943759	29.837002	29.823038	29.829166	29.824595	0.01074338304	0.01065300732	0.01064553449	0.01062376728
61	25.651234	25.617384	25.613947	25.605705	0.01551019481	0.01551625154	0.01551304932	0.01550817758	29.837002	29.833818	29.829513	29.824803	0.01074338304	0.0106543471	0.01064671832	0.01062606917
62	25.665228	25.63035	25.627165	25.619816	0.01548515885	0.01548687514	0.01548806082	0.01548341975	29.837002	29.82883	29.829577	29.824396	0.01074338304	0.01065557536	0.01064912797	0.01062797175
63	25.661436	25.628213	25.625156	25.616963	0.01547442439	0.0154702781	0.01547817353	0.01547429719	29.837002	29.823741	29.82968	29.824427	0.01074338304	0.01065655142	0.01065018238	0.01062957108
64	25.656378	25.62152	25.619542	25.611427	0.01549867251	0.01550455835	0.01550012492	0.0154971917	29.837002	29.833886	29.829402	29.824477	0.01074338304	0.01065797462	0.0106512131	0.01063055398
65	25.656324	25.62374	25.620481	25.613193	0.01550942556	0.01551047199	0.01551195376	0.0155074816	29.837002	29.828814	29.829717	29.824401	0.01074338304	0.01065986772	0.01065306254	0.01063166105
66	25.668304	25.634919	25.631892	25.624269	0.01548631513	0.01548141969	0.01548691081	0.01548213114	29.837002	29.824253	29.829714	29.823797	0.01074338304	0.01066183533	0.01065424491	0.01063408886
67	25.671386	25.638856	25.636607	25.629067	0.01548250279	0.01549096133	0.01548754831	0.01548202699	29.837002	29.834172	29.829641	29.823927	0.01074338304	0.01066221529	0.01065537237	0.01063559804
68	25.649312	25.618238	25.616127	25.608665	0.01550825331	0.01550867515	0.01550938713	0.01550596279	29.837002	29.829614	29.829961	29.824179	0.01074338304	0.01066328993	0.01065685351	0.01063751886
69	25.66704	25.634747	25.632415	25.624785	0.01549010557	0.01548905966	0.01549456932	0.01548842688	29.837002	29.824665	29.829937	29.823929	0.01074338304	0.01066519484	0.01065877683	0.01063827903
70	25.658848	25.629062	25.626587	25.618346	0.01549805127	0.01550369906	0.01549971622	0.01549353912	29.837002	29.834446	29.830137	29.82349	0.01074338304	0.01066620141	0.01065986956	0.01064007509
71	25.649608	25.618658	25.616731	25.608581	0.01550780291	0.0155092962	0.01551138236	0.01550294294	29.837002	29.829914	29.830161	29.823169	0.01074338304	0.01066740914	0.01066137587	0.01064191332
72	25.658224	25.628004	25.625506	25.619205	0.01549775504	0.01549465544	0.01550003031	0.01549424303	29.837002	29.825182	29.830104	29.822607	0.01074338304	0.01066798819	0.01066314127	0.01064240117
73	25.659972	25.628357	25.626347	25.62016	0.01549181761	0.01549516214	0.01549205039	0.01548510475	29.837002	29.834345	29.830427	29.822136	0.01074338304	0.01066975414	0.01066375347	0.01064380412
74	25.656714	25.628703	25.625475	25.619033	0.01549824404	0.01549961929	0.01550104542	0.01549432175	29.837002	29.829907	29.830443	29.821791	0.01074338304	0.01067019878	0.01066466619	0.01064399868
75	25.662268	25.633617	25.631377	25.625119	0.01548682308	0.01548424375	0.01548965475	0.01548072442	29.837002	29.825599	29.830825	29.821335	0.01074338304	0.01067061459	0.01066519451	0.01064542516
76	25.66885	25.641364	25.638416	25.63182	0.01547829982	0.01548413753	0.01547987817	0.01547016438	29.837002	29.83452	29.830434	29.820188	0.01074338304	0.01067243452	0.01066638321	0.01064566077
77	25.665494	25.638461	25.635932	25.629111	0.01546962132	0.01547333776	0.01547463567	0.01546413327	29.837002	29.830253	29.830668	29.820421	0.01074338304	0.0106734932	0.01066733386	0.01064669075
78	25.665162	25.637855	25.635145	25.629853	0.01546841658	0.0154673333	0.0154726631	0.01546198576	29.837002	29.825785	29.830709	29.819739	0.01074338304	0.01067346534	0.01066804777	0.01064758495
79	25.663032	25.63505	25.632904	25.62623	0.01549660772	0.01550030061	0.01549683901	0.01548588774	29.837002	29.83429	29.830826	29.819348	0.01074338304	0.01067413406	0.01066972583	0.01064808498
80	25.65313	25.626135	25.623613	25.618315	0.01549873067	0.01549953482	0.01550172765	0.01548965419	29.837002	29.830255	29.830739	29.818219	0.01074338304	0.01067450573	0.01067016464	0.01064824369
81	25.654952	25.628578	25.626485	25.62026	0.01549762127	0.01549446264	0.01549958954	0.01548826229	29.837002	29.826254	29.830363	29.818088	0.01074338304	0.01067530081	0.01067049452	0.01064978468
82	25.659618	25.633699	25.631596	25.625384	0.01550212196	0.01550572527	0.01550324777	0.01548771255	29.837002	29.834277	29.83062	29.816558	0.01074338304	0.01067618145	0.01067159364	0.01065012718
83	25.665318	25.640742	25.638079	25.632192	0.01549069957	0.01549209791	0.01549267524	0.01547893861	29.837002	29.83012	29.830449	29.815984	0.01074338304	0.01067735585	0.01067245379	0.0106513292
84	25.662788	25.638527	25.635706	25.630502	0.01549975418	0.01549473494	0.01549990312	0.01548411507	29.837002	29.826559	29.830792	29.814908	0.01074338304	0.01067875182	0.01067297989	0.01065137587
85	25.671922	25.648185	25.645565	25.640232	0.01547084096	0.01547626842	0.01547296439	0.01545685317	29.837002	29.834433	29.830837	29.814074	0.01074338304	0.01067932152	0.01067378256	0.01065159418
86	25.652398	25.628622	25.626109	25.6207	0.01548975281	0.01549019197	0.01549059325	0.01547255133	29.837002	29.831198	29.831199	29.813196	0.01074338304	0.01067985342	0.01067500588	0.01065224059
87	25.662228	25.638554	25.635951	25.630645	0.01548009743	0.01547554279	0.01548052616	0.01546016121	29.837002	29.827102	29.831167	29.811835	0.01074338304	0.01068062611	0.01067542642	0.01065188764
88	25.654788	25.6304	25.629059	25.623311	0.01550704576	0.01551288064	0.01550870264	0.015488406	29.837002	29.835078	29.830957	29.810861	0.01074338304	0.01068172783	0.01067684902	0.01065121691
89	25.666104	25.641452	25.639548	25.633497	0.01548697344	0.01548739735	0.01548701423	0.01546597523	29.837002	29.831294	29.830722	29.809251	0.01074338304	0.01068184176	0.01067741849	0.01065230867
90	25.660718	25.636427	25.634644	25.629336	0.01551031289	0.01550839894	0.01551305612	0.0154892949	29.837002	29.827833	29.831044	29.808112	0.01074338304	0.01068315998	0.0106778601	0.01065204526
91	25.667114	25.644312	25.642154	25.635857	0.01549335821	0.01549845465	0.01549406006	0.01546884366	29.837002	29.834876	29.831488	29.806945	0.01074338304	0.01068399861	0.01067877853	0.01065241631
92	25.652132	25.628623	25.626676	25.621353	0.01549447555	0.01549779729	0.01549820766	0.01547147199	29.837002	29.831671	29.831464	29.805617	0.01074338304	0.01068424137	0.01068023789	0.01065273213
93	25.662534	25.639909	25.638018	25.632219	0.01547417741	0.0154721779	0.01547592411	0.01544599315	29.837002	29.828139	29.831402	29.803961	0.01074338304	0.0106848214	0.01068067151	0.01065273492
94	25.666444	25.642886	25.641452	25.635626	0.01548665282	0.01549141373	0.01548750773	0.01545733317	29.837002	29.835058	29.831476	29.802312	0.01074338304	0.01068551049	0.01068146474	0.01065237352
95	25.662028	25.639002	25.636686	25.631469	0.01548243804	0.01548553528	0.01548549342	0.01545438014	29.837002	29.831678	29.831356	29.800515	0.01074338304	0.01068656986	0.0106821976	0.01065285663
96	25.651574	25.628172	25.625593	25.621667	0.01550346593	0.01549804986	0.01550319771	0.01546896166	29.837002	29.82836	29.831739	29.798959	0.01074338304	0.01068691603	0.01068214618	0.01065239012
97	25.664388	25.641143	25.63936	25.634335	0.01548593147	0.01548983711	0.01548719512	0.01545178406	29.837002	29.835223	29.83178	29.796913	0.01074338304	0.01068740558	0.01068308851	0.0106522046
98	25.662134	25.640698	25.638583	25.6327	0.01550610854	0.01550702264	0.01550746616	0.01546769227	29.837002	29.832252	29.831723	29.795146	0.01074338304	0.01068749348	0.01068318557	0.01065215847
99	25.668262	25.647448	25.646071	25.64043	0.01548138135	0.01548041619	0.01548469339	0.01544340997	29.837002	29.829034	29.831449	29.792788	0.01074338304	0.01068889632	0.01068458855	0.01065250042
100	25.668706	25.647248	25.645202	25.63896	0.01549165039	0.01549673557	0.01549418231	0.01545033753	29.837002	29.83571	29.831492	29.790724	0.01074338304	0.01068867136	0.01068481749	0.01065178461
