n	avgPP	avgPF	avgPT	avgPE	sdPP	sdPF	sdPT	sdPE	avgIP	avgIF	avgIT	avgIE	sdIP	sdIF	sdIT	sdIE
0	59.7389991	57.480926	57.480926	57.480926	0.02575354939	0.02547199606	0.02547199606	0.02547199606	52.586787	53	53	53	0.01425758549	0	0	0
1	59.7511811	58.5242762	58.4933448	58.3701582	0.02577525422	0.02590068559	0.02584581156	0.02552787329	52.586787	53.035454	53.028036	52.916374	0.01425758549	0.0102145539	0.01009629323	0.009227049859
2	59.7527251	58.9072293	58.8816759	58.7699331	0.02574625078	0.02583775243	0.02581726591	0.0256429344	52.586787	52.895841	52.906063	52.906347	0.01425758549	0.01169815972	0.01162362595	0.01109507547
3	59.7533491	59.1174003	59.0968007	59.0076393	0.02575493927	0.02582758229	0.02581199688	0.02572168316	52.586787	52.835071	52.842139	52.874621	0.01425758549	0.01237472062	0.01231798928	0.01211533589
4	59.7400211	59.2213001	59.2028106	59.1322906	0.0257481357	0.02580518254	0.02579529221	0.0257258139	52.586787	52.785477	52.794262	52.819282	0.01425758549	0.01279126806	0.01273539499	0.01252475578
5	59.7398511	59.2963684	59.2812768	59.2212383	0.0257698036	0.0258083412	0.02580409265	0.02574163022	52.586787	52.752588	52.762436	52.774671	0.01425758549	0.01303104603	0.01299318952	0.01282245881
6	59.7593351	59.3824008	59.3680069	59.3160645	0.02574467493	0.02578355328	0.02578000909	0.02571961727	52.586787	52.727776	52.736453	52.739245	0.01425758549	0.01321272439	0.01317852014	0.0130301257
7	59.7243831	59.3932164	59.3799841	59.334996	0.02577974875	0.02581107867	0.02581093433	0.02576124017	52.586787	52.709268	52.719797	52.7222	0.01425758549	0.01334647738	0.01331678544	0.01319307033
8	59.7681431	59.4723833	59.4611839	59.4218835	0.02577645679	0.02579737399	0.02579739347	0.02576046305	52.586787	52.693781	52.703203	52.711375	0.01425758549	0.01345140732	0.01342264862	0.01329265131
9	59.7406171	59.4694666	59.4603681	59.4260147	0.02578806657	0.02581274243	0.02581283598	0.02579073564	52.586787	52.686982	52.693537	52.707759	0.01425758549	0.01353209598	0.01350951053	0.01339710554
10	59.7380731	59.4984869	59.489639	59.4598793	0.02577546219	0.02579806579	0.02580005226	0.0257899232	52.586787	52.673653	52.68279	52.701741	0.01425758549	0.0136140196	0.01358083276	0.01348889884
11	59.7522971	59.5311495	59.5232131	59.4938996	0.02572797079	0.02575048533	0.0257548943	0.02574332466	52.586787	52.665015	52.674987	52.691872	0.01425758549	0.01366247755	0.01363933849	0.01356557347
12	59.7441871	59.5399113	59.532375	59.5077624	0.0257578394	0.02578113571	0.02577884513	0.02576920173	52.586787	52.667241	52.66879	52.682748	0.01425758549	0.01370766625	0.01368532195	0.01362135438
13	59.7571311	59.5647479	59.5582314	59.5337459	0.0257766398	0.02579574516	0.02579593478	0.02578457884	52.586787	52.657363	52.662838	52.672803	0.01425758549	0.01374466795	0.01372703443	0.01367036503
14	59.7516211	59.5742799	59.5683619	59.5453157	0.02575872137	0.02577717201	0.02577979045	0.02576732155	52.586787	52.654143	52.658483	52.667289	0.01425758549	0.01378161779	0.01376410673	0.01370907079
15	59.7571211	59.590064	59.5843707	59.5620587	0.02575851845	0.02577955331	0.02577890746	0.02576476752	52.586787	52.65138	52.654079	52.661479	0.01425758549	0.01380741441	0.01379540026	0.01374326615
16	59.7546651	59.5963506	59.5903447	59.5706537	0.02576811393	0.02577937179	0.02578418044	0.02577605564	52.586787	52.641782	52.650559	52.657689	0.01425758549	0.01384744616	0.01382329706	0.0137714682
17	59.7491531	59.6012214	59.5956438	59.5768223	0.02576512754	0.02577700956	0.02578167948	0.02577468227	52.586787	52.638618	52.646986	52.654751	0.01425758549	0.01386628636	0.01384869024	0.01379835374
18	59.7615491	59.6223459	59.6176141	59.5995283	0.02577247029	0.0257868757	0.02578774537	0.02578103481	52.586787	52.641423	52.643937	52.651711	0.01425758549	0.01388587943	0.01387007543	0.01382428691
19	59.7406611	59.6100867	59.6053989	59.5875466	0.0257763559	0.02579580443	0.02579618601	0.02579058013	52.586787	52.640139	52.641833	52.649862	0.01425758549	0.01390162458	0.01388930122	0.01384693146
20	59.7448391	59.6164806	59.6117545	59.5961256	0.0257554604	0.02577279545	0.02577200939	0.02576824984	52.586787	52.637702	52.638525	52.646932	0.01425758549	0.01392320633	0.01390856508	0.0138683549
21	59.7614791	59.6401219	59.6352333	59.620448	0.02576582204	0.02578272797	0.02578221924	0.0257797336	52.586787	52.634163	52.635661	52.64378	0.01425758549	0.01393652027	0.01392385277	0.01388727119
22	59.7275851	59.6097469	59.6046355	59.5906123	0.02576086859	0.02577371315	0.02577606223	0.02577030744	52.586787	52.631013	52.634855	52.641231	0.01425758549	0.01395574398	0.01393918084	0.01390428726
23	59.7551011	59.6408049	59.6363551	59.6235495	0.02577035451	0.02578060093	0.02578262979	0.02577873405	52.586787	52.627873	52.631847	52.637695	0.01425758549	0.01396282475	0.01395177495	0.01391836374
24	59.7541731	59.6469231	59.6431001	59.6307715	0.02575971453	0.02576832905	0.02577063785	0.02576809597	52.586787	52.625207	52.630017	52.635915	0.01425758549	0.01397442917	0.01396478369	0.01393122441
25	59.7403951	59.6399284	59.63577	59.6226597	0.02577770983	0.02578958826	0.02579104575	0.02578637213	52.586787	52.626148	52.62912	52.634149	0.01425758549	0.01398628088	0.01397500464	0.01394330757
26	59.7468151	59.651031	59.647754	59.6359731	0.02575718529	0.0257699911	0.02576987406	0.02576722038	52.586787	52.62583	52.627	52.632047	0.01425758549	0.0139986235	0.01398614881	0.01395532061
27	59.7491031	59.6556738	59.6523897	59.6406469	0.02575864609	0.02577204884	0.02577332589	0.02577075244	52.586787	52.622426	52.625629	52.630713	0.01425758549	0.01400426061	0.01399605113	0.01396582687
28	59.7429011	59.6496215	59.6465029	59.6347001	0.02577890268	0.02579081458	0.02579049966	0.02578861899	52.586787	52.622775	52.624033	52.629097	0.01425758549	0.01401396182	0.01400476068	0.01397623746
29	59.7408871	59.6492058	59.6460763	59.6360478	0.02576858438	0.02577535667	0.02577499921	0.02577280592	52.586787	52.620086	52.622711	52.627546	0.01425758549	0.01402166336	0.01401328549	0.01398625388
30	59.7619611	59.6738551	59.6702368	59.6591705	0.02576128278	0.02576585514	0.02576777319	0.02576495957	52.586787	52.618927	52.621536	52.626365	0.01425758549	0.01402942474	0.014021774	0.01399459886
31	59.7447811	59.660792	59.6569579	59.647269	0.02576699552	0.02577484199	0.02577393935	0.02577057285	52.586787	52.62004	52.620263	52.62483	0.01425758549	0.01403532744	0.01402867533	0.01400380656
32	59.7605171	59.6798243	59.6764811	59.6669065	0.02576485562	0.02577584903	0.02577576679	0.02577383857	52.586787	52.618091	52.619567	52.623625	0.01425758549	0.01403922481	0.01403650316	0.01401180572
33	59.7544871	59.6755314	59.6723179	59.6638787	0.02579831005	0.02581019621	0.0258109624	0.02580996196	52.586787	52.617518	52.618663	52.623099	0.01425758549	0.01404722235	0.01404199407	0.01401860124
34	59.7473811	59.6708548	59.6680493	59.6593129	0.02573695645	0.02574016982	0.02574527263	0.02574610213	52.586787	52.611236	52.617941	52.622093	0.01425758549	0.01406518152	0.01404951943	0.01402643274
35	59.7415651	59.6665015	59.66403	59.655021	0.02576563528	0.02577364417	0.02577857287	0.02577639801	52.586787	52.609915	52.61704	52.62065	0.01425758549	0.014066998	0.01405377638	0.0140322995
36	59.7463631	59.6721392	59.669847	59.661247	0.0257717243	0.02577169925	0.02577765763	0.02577610319	52.586787	52.607724	52.61561	52.61921	0.01425758549	0.01406760218	0.01405960364	0.01403783256
37	59.7468411	59.6757366	59.6735795	59.6645883	0.02578113326	0.02578987069	0.02579127525	0.02579061776	52.586787	52.612662	52.614755	52.618531	0.01425758549	0.01407288719	0.01406598295	0.0140452522
38	59.7456591	59.6753222	59.6729138	59.6650533	0.02578073705	0.02578948063	0.02578818695	0.02578683516	52.586787	52.615314	52.613666	52.617941	0.01425758549	0.01408070852	0.01407078356	0.01405073288
39	59.7594791	59.6902464	59.6883552	59.6810337	0.02577835839	0.02578522484	0.02578378434	0.02578366765	52.586787	52.614648	52.613564	52.616409	0.01425758549	0.0140831811	0.0140753154	0.01405543925
40	59.7327731	59.6655769	59.6625596	59.6549057	0.02579988441	0.02580820462	0.02580782408	0.02580727097	52.586787	52.611433	52.612472	52.616329	0.01425758549	0.01408234157	0.01407983645	0.01405992131
41	59.7528731	59.6885313	59.6858911	59.6782074	0.02574358771	0.02575031141	0.02574886179	0.02574806943	52.586787	52.611301	52.611567	52.615218	0.01425758549	0.01409380952	0.01408389616	0.01406527715
42	59.7385891	59.6764785	59.6740849	59.6667741	0.02577813233	0.02578473299	0.02578471378	0.02578395592	52.586787	52.610445	52.611033	52.614637	0.01425758549	0.01409411805	0.01408875749	0.01407032329
43	59.7486011	59.6853922	59.6835798	59.6759782	0.02577309789	0.02577615018	0.02577616552	0.02577462516	52.586787	52.609854	52.610986	52.613814	0.01425758549	0.01409902072	0.01409256217	0.01407457425
44	59.7492291	59.6896139	59.6874113	59.6798712	0.02574247343	0.0257475417	0.02574770303	0.02574581798	52.586787	52.609463	52.610301	52.613444	0.01425758549	0.01410309275	0.01409587515	0.01407854016
45	59.7636171	59.705148	59.7035424	59.6969756	0.02577672096	0.02578331949	0.02578361063	0.02578249427	52.586787	52.60992	52.610208	52.612392	0.01425758549	0.01410430672	0.01409981033	0.01408326841
46	59.7456271	59.6880106	59.6856791	59.6796488	0.02577034526	0.02577601532	0.02577594401	0.02577624955	52.586787	52.608182	52.609807	52.612136	0.01425758549	0.01410977556	0.01410300239	0.01408769974
47	59.7474411	59.6907883	59.6892978	59.6814909	0.02576955571	0.02577552249	0.02577589246	0.02577383124	52.586787	52.608171	52.608786	52.611813	0.01425758549	0.01411283908	0.01410718839	0.01409115791
48	59.7649431	59.7099703	59.7077577	59.7011249	0.02573939207	0.02574550289	0.02574400997	0.02574413969	52.586787	52.608411	52.608409	52.611453	0.01425758549	0.01411587168	0.01410957665	0.01409371114
49	59.7472971	59.6917133	59.6897122	59.6828936	0.02576599155	0.025769257	0.02576941136	0.02576801567	52.586787	52.607241	52.607814	52.610792	0.01425758549	0.01411907917	0.01411285312	0.01409705946
50	59.7348371	59.6828485	59.6809554	59.6737358	0.02580347266	0.02581021243	0.02580880161	0.0258083419	52.586787	52.608225	52.607278	52.609906	0.01425758549	0.01411997893	0.01411602523	0.01410053239
51	59.7440911	59.692143	59.6905727	59.6844563	0.02575841805	0.02576329229	0.02576418531	0.02576409305	52.586787	52.60515	52.606919	52.609491	0.01425758549	0.01412248066	0.01411817105	0.01410296007
52	59.7506431	59.6999481	59.698508	59.6926453	0.02575501047	0.02575962741	0.02576043163	0.02575987794	52.586787	52.605957	52.60642	52.608981	0.01425758549	0.01412629056	0.01412021283	0.01410590757
53	59.7470291	59.6961698	59.694604	59.6886559	0.02575378722	0.02575567359	0.02575714901	0.02575712856	52.586787	52.605386	52.60664	52.608623	0.01425758549	0.0141281686	0.01412283571	0.01410850353
54	59.7460651	59.6967714	59.695279	59.6887539	0.02576869125	0.02577600469	0.02577634754	0.02577441783	52.586787	52.604958	52.60595	52.607803	0.01425758549	0.01413029995	0.01412457413	0.01411012077
55	59.7623031	59.7153383	59.7133446	59.7078181	0.02574654381	0.02574954807	0.02575118363	0.02574992479	52.586787	52.604471	52.606162	52.607337	0.01425758549	0.01413284143	0.01412644347	0.01411227176
56	59.7588051	59.7123025	59.7097107	59.7036871	0.02578799168	0.02579254052	0.02579232246	0.02578969789	52.586787	52.604705	52.605539	52.607107	0.01425758549	0.01413344854	0.01412973686	0.01411547476
57	59.7352631	59.6889949	59.6874553	59.6819746	0.02576324061	0.02577177429	0.02577109307	0.02577030997	52.586787	52.605433	52.605241	52.607202	0.01425758549	0.01413943754	0.01413267515	0.0141176945
58	59.7586471	59.712683	59.7108473	59.7060881	0.02574551896	0.02575129462	0.02575028993	0.02575123273	52.586787	52.60421	52.604401	52.606697	0.01425758549	0.01413913982	0.01413513278	0.01412177778
59	59.7383151	59.6933877	59.6921634	59.6866438	0.02576962117	0.02577608986	0.02577573882	0.0257743082	52.586787	52.604489	52.603918	52.605986	0.01425758549	0.014142057	0.01413708545	0.01412389829
60	59.7457571	59.702343	59.7010044	59.696268	0.0257832925	0.02578831981	0.02578878245	0.02578838987	52.586787	52.60309	52.603908	52.6056	0.01425758549	0.01414291325	0.01413906929	0.01412512761
61	59.7512731	59.7081929	59.7074148	59.7015517	0.02578725147	0.02579362572	0.0257940043	0.02579367414	52.586787	52.603393	52.603536	52.605029	0.01425758549	0.01414624619	0.01414115569	0.01412801267
62	59.7450731	59.7032783	59.7018342	59.6963967	0.02578141122	0.02578891563	0.02578784118	0.02578639154	52.586787	52.602831	52.603494	52.605219	0.01425758549	0.01414833353	0.01414355951	0.01413124754
63	59.7339871	59.6917305	59.6905471	59.6852085	0.02579623653	0.02579961372	0.02579959055	0.02579748119	52.586787	52.603825	52.603307	52.604625	0.01425758549	0.01414906752	0.01414615383	0.01413346087
64	59.7447611	59.703294	59.701756	59.696826	0.02575212228	0.02575610544	0.02575638228	0.02575534434	52.586787	52.60148	52.60252	52.60434	0.01425758549	0.014153035	0.01414738885	0.01413465455
65	59.7608951	59.7188347	59.71798	59.7125475	0.02573013041	0.02573472001	0.02573363495	0.02573296202	52.586787	52.602019	52.60266	52.603835	0.01425758549	0.01415307711	0.01414798288	0.01413672067
66	59.7399931	59.700859	59.6986962	59.6935676	0.02578463098	0.02579220819	0.02579065718	0.02579039083	52.586787	52.60217	52.602414	52.603532	0.01425758549	0.01415353707	0.01414992234	0.01413776425
67	59.7624851	59.7225635	59.7210884	59.7167282	0.02574601045	0.02575260824	0.02575312499	0.02575199475	52.586787	52.602195	52.602148	52.603674	0.01425758549	0.0141544581	0.01415239576	0.0141390134
68	59.7512791	59.7116385	59.7110181	59.7055075	0.02576957302	0.0257722786	0.02577365588	0.02577349696	52.586787	52.600885	52.601997	52.603275	0.01425758549	0.01415709104	0.01415385427	0.01414092124
69	59.7368231	59.6985956	59.696807	59.6928695	0.02577679873	0.02578017096	0.02578148115	0.02578187006	52.586787	52.598872	52.60159	52.603015	0.01425758549	0.01416180833	0.01415489496	0.01414322718
70	59.7428191	59.7054819	59.7041168	59.7000496	0.02577501334	0.02577889454	0.02577933121	0.02577893243	52.586787	52.599423	52.601496	52.602252	0.01425758549	0.01416210004	0.0141569953	0.0141447306
71	59.7508151	59.7138268	59.7122952	59.7070863	0.02575071453	0.02575432574	0.02575572367	0.02575404312	52.586787	52.599256	52.601304	52.602071	0.01425758549	0.01416286052	0.01415865685	0.01414665538
72	59.7595151	59.7230749	59.7217389	59.7173487	0.02577316691	0.02577940075	0.02578045943	0.02577808548	52.586787	52.599453	52.600953	52.601999	0.01425758549	0.01416363285	0.01415961853	0.01414785787
73	59.7583511	59.7212624	59.7202018	59.7155029	0.02577036403	0.02577245597	0.02577352941	0.02577205726	52.586787	52.598908	52.600566	52.601373	0.01425758549	0.01416422576	0.01416175952	0.01414998806
74	59.7510491	59.7152108	59.7134495	59.7092987	0.02575635041	0.02575827636	0.02575978152	0.02575884221	52.586787	52.598076	52.600935	52.601419	0.01425758549	0.01416517145	0.01416253365	0.01415126547
75	59.7394791	59.703147	59.7012955	59.6973216	0.02577568061	0.02577821913	0.02577958337	0.02577792995	52.586787	52.59975	52.600895	52.600672	0.01425758549	0.01416595179	0.01416320634	0.01415188914
76	59.7466031	59.7107397	59.7099816	59.7059939	0.02576632543	0.02577085129	0.02576949994	0.02576667007	52.586787	52.600889	52.600252	52.600443	0.01425758549	0.01416905889	0.01416510805	0.01415304007
77	59.7475791	59.7129871	59.7114743	59.7075062	0.02577347282	0.02577692422	0.02577611155	0.0257736967	52.586787	52.600867	52.599871	52.600134	0.01425758549	0.01417064034	0.01416606702	0.01415458254
78	59.7418051	59.7085459	59.707282	59.7034694	0.02575674151	0.02576025973	0.02576024282	0.02575845693	52.586787	52.599723	52.5996	52.600138	0.01425758549	0.01417148417	0.0141675289	0.01415583898
79	59.7486311	59.7150686	59.7135476	59.7099973	0.02576726426	0.02576964151	0.02577072098	0.02576977561	52.586787	52.598862	52.599532	52.600061	0.01425758549	0.01417021966	0.01416911094	0.01415651326
80	59.7495451	59.715293	59.7139896	59.711017	0.02576216775	0.0257642413	0.02576385869	0.02576238559	52.586787	52.59987	52.599472	52.59993	0.01425758549	0.01417264037	0.01416957238	0.01415835493
81	59.7370691	59.7050691	59.7040195	59.7007839	0.02577754369	0.0257808403	0.0257811973	0.0257788104	52.586787	52.599287	52.599415	52.598983	0.01425758549	0.01417537671	0.0141695948	0.01415868302
82	59.7478991	59.7147027	59.7133066	59.7096101	0.02577618384	0.02577823719	0.02577863282	0.02577643572	52.586787	52.598419	52.599182	52.598897	0.01425758549	0.01417339629	0.01417043527	0.01416012436
83	59.7368931	59.7052326	59.7032127	59.6997943	0.0257716024	0.02577667685	0.02577580649	0.02577479066	52.586787	52.598982	52.599159	52.598551	0.01425758549	0.01417602528	0.01417151591	0.01416143199
84	59.7514371	59.7208492	59.7202931	59.7159521	0.02576725714	0.02576866347	0.02576866704	0.02576806724	52.586787	52.598164	52.598387	52.598317	0.01425758549	0.01417582762	0.01417322611	0.01416186929
85	59.7369231	59.7055967	59.704269	59.7011598	0.02576540936	0.02577147717	0.02577076799	0.02576881071	52.586787	52.599079	52.59847	52.598066	0.01425758549	0.01417597796	0.01417411344	0.01416330058
86	59.7459371	59.7153774	59.7142888	59.7104029	0.02575539924	0.02575644885	0.0257576704	0.02575616599	52.586787	52.597538	52.598336	52.597553	0.01425758549	0.01417782615	0.01417438886	0.01416376579
87	59.7731191	59.7426198	59.7414954	59.7375556	0.02574955945	0.02575189011	0.02575217588	0.0257491871	52.586787	52.597306	52.598018	52.597212	0.01425758549	0.01418015502	0.01417505914	0.0141650533
88	59.7412771	59.7098041	59.7085816	59.7049696	0.02575217456	0.02575601161	0.02575547853	0.02575360291	52.586787	52.598577	52.598112	52.597632	0.01425758549	0.0141798734	0.01417592331	0.01416621782
89	59.7297691	59.7008093	59.6997171	59.6969621	0.02578332298	0.02578629488	0.02578646786	0.0257844971	52.586787	52.598001	52.597947	52.597137	0.01425758549	0.0141804964	0.01417682575	0.01416690504
90	59.7350911	59.7065306	59.7055863	59.7018713	0.0257877366	0.0257921893	0.02579234041	0.02578975828	52.586787	52.597502	52.597531	52.596481	0.01425758549	0.01418199384	0.01417850697	0.01416765358
91	59.7635711	59.7357443	59.734461	59.731048	0.02575876924	0.0257634023	0.02576370541	0.02576040776	52.586787	52.597091	52.59775	52.59616	0.01425758549	0.01418183076	0.01417910483	0.01416846346
92	59.7638911	59.7361673	59.7355416	59.731908	0.02575494056	0.02575701245	0.025757421	0.02575595589	52.586787	52.596641	52.597632	52.59616	0.01425758549	0.01418430576	0.01417949078	0.01417037702
93	59.7505191	59.7214538	59.7200958	59.7168904	0.02576279143	0.02576575811	0.02576629992	0.02576261681	52.586787	52.596726	52.597686	52.595408	0.01425758549	0.01418529773	0.01418068029	0.01417012328
94	59.7618691	59.7334327	59.732699	59.7294146	0.02576923529	0.02577223569	0.02577180858	0.02576771084	52.586787	52.597139	52.59719	52.595142	0.01425758549	0.01418465696	0.01418140449	0.01417058425
95	59.7515131	59.7235574	59.7224038	59.7182255	0.02575149265	0.02575221993	0.02575285155	0.02574748511	52.586787	52.596998	52.597426	52.594835	0.01425758549	0.01418660941	0.01418235584	0.01417214681
96	59.7442771	59.7151124	59.7139121	59.7101656	0.02577425942	0.02577713771	0.02577598501	0.02577081319	52.586787	52.597088	52.597197	52.594272	0.01425758549	0.01418609659	0.01418357614	0.01417214064
97	59.7512611	59.7231696	59.722267	59.7197379	0.02575875015	0.02576140066	0.02576211483	0.02575851122	52.586787	52.597132	52.59727	52.593783	0.01425758549	0.01418573581	0.01418456359	0.01417281259
98	59.7578711	59.7310907	59.7302583	59.7271993	0.02576042499	0.02576247636	0.02576143024	0.02575788821	52.586787	52.596519	52.596431	52.593601	0.01425758549	0.01418756455	0.01418521418	0.01417383553
99	59.7437091	59.7156026	59.7146044	59.7115968	0.025770565	0.02577258506	0.0257727039	0.02576884897	52.586787	52.595862	52.596568	52.593216	0.01425758549	0.01418678069	0.01418570863	0.01417405532
100	59.7350191	59.708524	59.7074321	59.7049584	0.02578833589	0.02578900443	0.02578959411	0.02578530612	52.586787	52.5964	52.596657	52.592908	0.01425758549	0.01418862309	0.01418629123	0.0141748767
