n	avgPP	avgPF	avgPT	avgPE	sdPP	sdPF	sdPT	sdPE	avgIP	avgIF	avgIT	avgIE	sdIP	sdIF	sdIT	sdIE
0	18.7864631	8.451062	8.451062	8.451062	0.03720169047	0.02297294012	0.02297294012	0.02297294012	20.347341	17	17	17	0.03549956097	0	0	0
1	18.7990031	17.5044065	16.8126284	14.1086585	0.03724133938	0.03626413345	0.03409467522	0.02553165592	20.347341	20.294515	20.305844	18.791575	0.03549956097	0.0344748531	0.03324314584	0.02300270227
2	18.7933871	18.0735448	17.8796673	16.303486	0.03719491493	0.03661916487	0.03617895512	0.02986551609	20.347341	20.178508	20.225503	19.70342	0.03549956097	0.03521994162	0.03495817052	0.02966215805
3	18.7988511	18.2971439	18.1880957	17.3478557	0.03722112787	0.03684724439	0.03665615818	0.03263549168	20.347341	20.303389	20.310907	20.002607	0.03549956097	0.03521983021	0.0351182915	0.03215776207
4	18.7963671	18.4132088	18.3425764	17.8667087	0.03722047249	0.03693291596	0.0368309114	0.03437575313	20.347341	20.341148	20.318204	20.184197	0.03549956097	0.0352734886	0.0352378109	0.03368662268
5	18.7896791	18.4751414	18.4216067	18.1369802	0.03722193811	0.03698496523	0.03691806629	0.03544479943	20.347341	20.340694	20.322337	20.270702	0.03549956097	0.03533905213	0.03530446497	0.03447009209
6	18.7967531	18.5317555	18.4890388	18.3081642	0.03724005847	0.03704191611	0.03700077495	0.03609885562	20.347341	20.337885	20.323068	20.294942	0.03549956097	0.03535955915	0.03534540785	0.03491360651
7	18.7941191	18.5686467	18.5332214	18.4100594	0.0372214323	0.03704899434	0.0370282383	0.03646514902	20.347341	20.332997	20.327014	20.315034	0.03549956097	0.03536283892	0.03537581155	0.03508982357
8	18.7926591	18.5963638	18.5651505	18.4747851	0.03719661647	0.03705044096	0.03702437834	0.0366669373	20.347341	20.341338	20.328015	20.319021	0.03549956097	0.03539042098	0.03539828628	0.03522522642
9	18.7869611	18.6120021	18.5842358	18.5095499	0.03722036281	0.03708848281	0.0370695109	0.03681435026	20.347341	20.339771	20.328178	20.325849	0.03549956097	0.03540413224	0.03541112465	0.03528964676
10	18.7922311	18.6313337	18.6074154	18.5480817	0.03719643691	0.0370712407	0.03706373235	0.03688809916	20.347341	20.335887	20.328394	20.326667	0.03549956097	0.03541690342	0.03542231689	0.03533148412
11	18.7813191	18.6356823	18.6145711	18.5637247	0.03719331169	0.03708491784	0.03707508039	0.03693570592	20.347341	20.341753	20.328581	20.326437	0.03549956097	0.03541595827	0.03543104302	0.03535865474
12	18.7830451	18.6472838	18.6274724	18.5821254	0.037229066	0.03712679464	0.03711806125	0.03699687749	20.347341	20.338918	20.327704	20.327974	0.03549956097	0.03542492479	0.03543597582	0.03537512986
13	18.7917471	18.6694336	18.6518669	18.612533	0.0372156654	0.03712850106	0.03712462374	0.03703219705	20.347341	20.343836	20.327759	20.32591	0.03549956097	0.0354236869	0.03544382853	0.03539541163
14	18.7919911	18.6766703	18.6605489	18.6257279	0.03723459494	0.03715004616	0.03714683889	0.03705945222	20.347341	20.341693	20.327739	20.328169	0.03549956097	0.03543219032	0.03545197381	0.0354064646
15	18.7897151	18.6834484	18.6670406	18.6365545	0.03719903865	0.03712663622	0.03712374529	0.03705839564	20.347341	20.340224	20.327946	20.327715	0.03549956097	0.03544242992	0.03545762997	0.03541954989
16	18.7998231	18.6970412	18.6817922	18.6527193	0.03724162595	0.03716850248	0.0371662479	0.03710430221	20.347341	20.340532	20.327922	20.327243	0.03549956097	0.03544232372	0.03546282747	0.03542858156
17	18.7902491	18.6958218	18.6813771	18.6547372	0.03719222151	0.03712083398	0.03711705343	0.03706427771	20.347341	20.339758	20.329161	20.328472	0.03549956097	0.03545206247	0.03546687159	0.03544004313
18	18.7947011	18.7043021	18.6903032	18.6669561	0.03721018288	0.0371411307	0.03713792473	0.03709476217	20.347341	20.343591	20.329572	20.327111	0.03549956097	0.03544873054	0.03546934251	0.0354437361
19	18.7944931	18.7088677	18.6957555	18.671307	0.03720473607	0.03713721584	0.03713776488	0.0370921585	20.347341	20.340127	20.329385	20.32865	0.03549956097	0.03545332323	0.03547121685	0.03544960524
20	18.7954171	18.7133742	18.7008042	18.6793159	0.03722241282	0.03716089428	0.03716275611	0.03712226328	20.347341	20.343622	20.329262	20.327689	0.03549956097	0.03545189145	0.03547373738	0.03545488463
21	18.7945991	18.7167162	18.7050968	18.6846224	0.03720522706	0.03714562859	0.03714632944	0.03710942656	20.347341	20.342102	20.329568	20.328704	0.03549956097	0.03545996788	0.03547709989	0.03545778795
22	18.7871691	18.7124386	18.7010582	18.6825454	0.03721789295	0.03715515205	0.03715789926	0.03712244984	20.347341	20.342846	20.329802	20.328354	0.03549956097	0.03545701031	0.03547913978	0.03546202987
23	18.7935311	18.7231677	18.711646	18.6941988	0.0372186387	0.03716941259	0.0371703743	0.03713931811	20.347341	20.343107	20.32966	20.327468	0.03549956097	0.03546004504	0.03547988048	0.03546499176
24	18.7987131	18.7327782	18.7209793	18.7041186	0.037237319	0.03719006942	0.03719057107	0.0371620908	20.347341	20.344022	20.330383	20.328406	0.03549956097	0.03545949709	0.03548253388	0.03546737414
25	18.7959631	18.7310995	18.720123	18.7052575	0.03721076456	0.03716585448	0.03716748729	0.03713885823	20.347341	20.340565	20.33079	20.327925	0.03549956097	0.03547006178	0.03548508586	0.03547151877
26	18.7939891	18.7315278	18.7206087	18.7048494	0.03721082631	0.0371665872	0.0371677327	0.03713938593	20.347341	20.344458	20.331037	20.328254	0.03549956097	0.03546301604	0.03548803481	0.03547332568
27	18.7877711	18.7273897	18.7179207	18.7029206	0.03722049509	0.03717865258	0.03718151308	0.03715281691	20.347341	20.342647	20.331217	20.327906	0.03549956097	0.03546715061	0.03548869962	0.03547659099
28	18.8006171	18.7415922	18.7325027	18.7188504	0.03723010285	0.03718426614	0.03718891287	0.0371627029	20.347341	20.347002	20.330917	20.327764	0.03549956097	0.03546493537	0.0354904435	0.03547816299
29	18.7885791	18.7321688	18.7219886	18.7081648	0.03721983628	0.03717686	0.03718056955	0.03715534007	20.347341	20.344108	20.331106	20.327448	0.03549956097	0.03546988878	0.03549318703	0.03548132125
30	18.8000711	18.7446882	18.7349198	18.722094	0.03722562363	0.03718152827	0.03718680186	0.03716194176	20.347341	20.343862	20.330638	20.32748	0.03549956097	0.0354712734	0.03549320173	0.03548326515
31	18.7850451	18.7336454	18.7246781	18.7119877	0.03718407074	0.03714403719	0.03714678338	0.03712321995	20.347341	20.345294	20.330671	20.327847	0.03549956097	0.03546913769	0.03549546026	0.03548511376
32	18.7918331	18.7404988	18.7321425	18.7188405	0.03723590269	0.03719588337	0.03720027402	0.03717467417	20.347341	20.345108	20.330675	20.327335	0.03549956097	0.03547304764	0.03549545048	0.03548693818
33	18.7958731	18.7471351	18.7383398	18.7267398	0.0372229963	0.03718697701	0.03719049437	0.03716950307	20.347341	20.345201	20.330458	20.327318	0.03549956097	0.03547105757	0.03549664132	0.03548864271
34	18.7964871	18.7482724	18.740529	18.7284921	0.03721569829	0.03718213179	0.03718646116	0.03716752649	20.347341	20.344284	20.33079	20.326851	0.03549956097	0.03547661442	0.03549818167	0.03549022346
35	18.7862251	18.7392594	18.7305029	18.7199993	0.03721398747	0.03717816589	0.03718032325	0.03716170191	20.347341	20.344214	20.331079	20.326643	0.03549956097	0.03547467358	0.03549909599	0.0354917711
36	18.7942651	18.7494288	18.741452	18.7298908	0.03720653508	0.03717423105	0.03717627573	0.03715645883	20.347341	20.345488	20.33122	20.326568	0.03549956097	0.03547165013	0.03549946521	0.03549319896
37	18.7937971	18.750171	18.7413954	18.7310871	0.03722814636	0.03719372615	0.03719692222	0.03717820972	20.347341	20.34473	20.331354	20.326461	0.03549956097	0.03547660353	0.03550081275	0.03549626777
38	18.8026071	18.7596656	18.751286	18.7411235	0.03721089012	0.03717907213	0.03718107379	0.03716266148	20.347341	20.346376	20.33116	20.326025	0.03549956097	0.03547533269	0.03550152935	0.03549581075
39	18.8018651	18.7607009	18.753522	18.7428437	0.03721837199	0.03718774237	0.03719297526	0.03717384058	20.347341	20.342919	20.33114	20.326747	0.03549956097	0.0354819662	0.03550127999	0.0354982759
40	18.7877111	18.7470471	18.7395244	18.7300893	0.03722958617	0.03720064161	0.03720460426	0.03718478509	20.347341	20.344561	20.331424	20.326183	0.03549956097	0.03547893254	0.03550320121	0.03549920865
41	18.7913371	18.7512652	18.7437088	18.7343711	0.03720608345	0.03717974507	0.03718222659	0.03716673552	20.347341	20.346852	20.331748	20.325481	0.03549956097	0.03547854603	0.03550426317	0.03550081917
42	18.7918191	18.753352	18.7462158	18.7365444	0.03721199989	0.03718347563	0.03718644073	0.03716975008	20.347341	20.3435	20.331678	20.324944	0.03549956097	0.03548428201	0.03550424112	0.03550283749
43	18.7890671	18.7505643	18.7432496	18.733579	0.03724539165	0.03721455555	0.03721843306	0.0371992693	20.347341	20.345613	20.331236	20.32535	0.03549956097	0.03547999126	0.03550404187	0.03550350825
44	18.7894371	18.7513313	18.7449671	18.7364097	0.03721031235	0.03718122709	0.03718574398	0.0371707529	20.347341	20.345943	20.331781	20.324487	0.03549956097	0.03548076076	0.03550529232	0.03550500715
45	18.7921051	18.7564013	18.7492054	18.7410231	0.03719373064	0.03716876649	0.03717128194	0.03715776586	20.347341	20.344683	20.331434	20.324481	0.03549956097	0.03548186654	0.03550614583	0.03550604789
46	18.7978591	18.7616449	18.7541176	18.7457787	0.03721805189	0.03719185703	0.03719710081	0.03718458935	20.347341	20.345379	20.331816	20.323977	0.03549956097	0.03548261228	0.03550610129	0.03550752987
47	18.7908511	18.7547964	18.7474471	18.7382435	0.0372151406	0.03718516236	0.03719081608	0.03717639392	20.347341	20.346064	20.331701	20.324045	0.03549956097	0.03548200139	0.03550693294	0.03550780402
48	18.7909051	18.7582985	18.7504918	18.7430604	0.03721214701	0.03718630809	0.03719186048	0.0371782399	20.347341	20.344515	20.331758	20.323204	0.03549956097	0.03548287948	0.03550643597	0.03550879196
49	18.7983431	18.7656335	18.7591415	18.7514584	0.03720996878	0.03718462442	0.03718894876	0.03717270881	20.347341	20.344625	20.331745	20.322424	0.03549956097	0.03548136427	0.03550722284	0.03550982457
50	18.7913051	18.7566541	18.7509603	18.7424284	0.03720778269	0.03718241168	0.03718681922	0.03717336495	20.347341	20.346991	20.331673	20.322444	0.03549956097	0.0354808871	0.03550710457	0.03551116966
51	18.7999691	18.7692298	18.7626583	18.7551262	0.03722717376	0.03720648881	0.03720964476	0.03719707889	20.347341	20.345418	20.331233	20.322002	0.03549956097	0.03548279471	0.03550676483	0.0355122304
52	18.7897531	18.7593854	18.7531977	18.7440534	0.03720030831	0.03717735548	0.03718097935	0.03716606339	20.347341	20.345454	20.331567	20.321834	0.03549956097	0.03548321344	0.03550866653	0.03551382771
53	18.7795351	18.7482798	18.741858	18.7339804	0.03718593486	0.03716466986	0.03716789713	0.03715491779	20.347341	20.346698	20.33138	20.321404	0.03549956097	0.03548168507	0.03550806538	0.03551511108
54	18.7983731	18.7677254	18.7612234	18.752856	0.03720846552	0.03718358425	0.03718737922	0.0371746451	20.347341	20.345294	20.331954	20.32078	0.03549956097	0.03548303959	0.03550880924	0.03551557742
55	18.7992471	18.7690419	18.762573	18.7547407	0.03721629554	0.03719230963	0.03719810143	0.03718577032	20.347341	20.344149	20.33193	20.319777	0.03549956097	0.03548487316	0.03550825207	0.03551618204
56	18.7951671	18.7660495	18.759761	18.7521118	0.03721523736	0.03719572684	0.03720029629	0.03719081324	20.347341	20.345205	20.33171	20.320058	0.03549956097	0.03548363107	0.03550830529	0.03551735168
57	18.7935391	18.7640051	18.7576686	18.7508812	0.03721056614	0.03718893001	0.03719290251	0.03718337694	20.347341	20.345561	20.331806	20.319452	0.03549956097	0.03548518279	0.03550929101	0.03551925881
58	18.7909571	18.7634622	18.7571085	18.7498177	0.03719746868	0.03717890305	0.03718149653	0.03717066808	20.347341	20.346902	20.332015	20.318707	0.03549956097	0.03548415476	0.03550970634	0.03551999936
59	18.7940271	18.7674433	18.7607133	18.7534186	0.03722208947	0.03720133255	0.03720634553	0.03719496655	20.347341	20.343543	20.332183	20.318386	0.03549956097	0.03548670859	0.03550995757	0.03552105046
60	18.7924191	18.7641346	18.7583329	18.7511373	0.03721004007	0.03718877586	0.03719346436	0.0371826262	20.347341	20.345806	20.332059	20.317963	0.03549956097	0.03548509421	0.03550938573	0.03552264446
61	18.7926331	18.7657164	18.7589071	18.7521189	0.03721262899	0.03719504839	0.03719913286	0.03718980531	20.347341	20.345304	20.331901	20.317259	0.03549956097	0.03548569715	0.03550956471	0.03552421054
62	18.7858891	18.760176	18.7542191	18.7467001	0.03719763827	0.03717797927	0.03718326019	0.03716966828	20.347341	20.34558	20.331601	20.316451	0.03549956097	0.03548460434	0.03551021712	0.03552502408
63	18.8041871	18.7782753	18.7728864	18.7648876	0.03722563784	0.0372066966	0.03721190496	0.03719942802	20.347341	20.345443	20.331444	20.315336	0.03549956097	0.03548679785	0.03550985541	0.03552565513
64	18.8011771	18.776691	18.7712352	18.7645051	0.03724401024	0.03722497992	0.03723108434	0.03722126732	20.347341	20.34503	20.331752	20.315021	0.03549956097	0.03548692927	0.0355106658	0.03552695921
65	18.8023331	18.7779655	18.7718504	18.7637777	0.03722576381	0.03720563033	0.03721060189	0.03720097418	20.347341	20.345965	20.331724	20.314627	0.03549956097	0.0354870261	0.03551121225	0.03552928333
66	18.7941891	18.7694173	18.7634142	18.7560787	0.03721552903	0.03719794434	0.03720226714	0.03719345056	20.347341	20.345563	20.331862	20.313897	0.03549956097	0.03548767973	0.03551176247	0.03553213203
67	18.7909611	18.766058	18.761177	18.7533635	0.03720111652	0.0371820294	0.03718781004	0.03717891541	20.347341	20.3457	20.33161	20.313545	0.03549956097	0.03548747342	0.0355114883	0.03553315138
68	18.7961731	18.7729643	18.7669414	18.7592732	0.03719762981	0.03718080871	0.03718600419	0.03717859232	20.347341	20.347233	20.331714	20.312312	0.03549956097	0.03548451924	0.03551121477	0.03553378539
69	18.7899711	18.7663735	18.7607357	18.7537554	0.03722596952	0.03720882599	0.03721204966	0.03720426041	20.347341	20.345885	20.332227	20.311734	0.03549956097	0.035486321	0.03551130631	0.03553542241
70	18.7806071	18.7581815	18.7515221	18.7446057	0.03718778353	0.03717146826	0.03717590296	0.0371713674	20.347341	20.345765	20.331731	20.310987	0.03549956097	0.03548596121	0.03551209728	0.03553734125
71	18.7930071	18.7696299	18.7647252	18.7573358	0.03721599557	0.03719858862	0.03720388085	0.03719437413	20.347341	20.344769	20.331692	20.310438	0.03549956097	0.03548743368	0.03551116785	0.03553796251
72	18.7865751	18.7634715	18.7584496	18.7510797	0.03718670512	0.03716935793	0.03717490353	0.03716591715	20.347341	20.346365	20.331676	20.309207	0.03549956097	0.0354860183	0.03551211012	0.03553824139
73	18.7909731	18.7685187	18.7627286	18.7552822	0.03721910348	0.03720195217	0.03720591285	0.03719563044	20.347341	20.346537	20.331686	20.308002	0.03549956097	0.03548574857	0.0355119964	0.03554016044
74	18.7996071	18.7762712	18.7708036	18.7634861	0.03721827431	0.03720115335	0.03720521592	0.03719627468	20.347341	20.345112	20.331516	20.307291	0.03549956097	0.03548782785	0.03551236889	0.03554109123
75	18.7965171	18.7752283	18.7700397	18.7627702	0.03720646642	0.0371918051	0.03719717562	0.03718700311	20.347341	20.346613	20.331567	20.306102	0.03549956097	0.03548589382	0.03551246999	0.03554230453
76	18.7963671	18.7737473	18.7683737	18.7602775	0.03721901684	0.03720074187	0.03720662995	0.03719621372	20.347341	20.345383	20.331567	20.304905	0.03549956097	0.03548750471	0.03551297798	0.03554326941
77	18.7929791	18.7716008	18.7664577	18.7587604	0.03720192073	0.03718659274	0.0371912093	0.03718161713	20.347341	20.345208	20.331607	20.304284	0.03549956097	0.03548694774	0.03551264769	0.0355450381
78	18.7838971	18.762942	18.757502	18.7497045	0.03721104643	0.03719828149	0.03720402424	0.03719541799	20.347341	20.34464	20.332	20.302995	0.03549956097	0.03548614426	0.03551299787	0.03554547731
79	18.7951391	18.7743516	18.7689499	18.7615474	0.03721719866	0.03719987638	0.03720544461	0.03719725671	20.347341	20.344356	20.331969	20.302114	0.03549956097	0.03548686046	0.03551268727	0.03554776283
80	18.7852291	18.7665588	18.7611936	18.7533928	0.03719256138	0.03717892644	0.03718297684	0.03717537437	20.347341	20.345188	20.331896	20.301108	0.03549956097	0.03548684402	0.03551328167	0.0355486473
81	18.7875431	18.7675894	18.7624282	18.7547704	0.03721875752	0.03720327701	0.03720768193	0.03720164233	20.347341	20.345334	20.331682	20.299764	0.03549956097	0.03548719212	0.035512635	0.03555054616
82	18.7979431	18.7771985	18.7722092	18.7640516	0.03721099128	0.03719632807	0.03720178171	0.03719276161	20.347341	20.344095	20.331732	20.298176	0.03549956097	0.03548926961	0.0355131955	0.03555113009
83	18.7901751	18.7696691	18.7647205	18.7571537	0.03722468835	0.03720853568	0.03721341555	0.03720474111	20.347341	20.345801	20.331855	20.297247	0.03549956097	0.03548638109	0.03551362556	0.0355520059
84	18.7914651	18.7707633	18.7652841	18.7580518	0.03719835381	0.03717868877	0.03718453688	0.03717651096	20.347341	20.345263	20.332031	20.295698	0.03549956097	0.035488198	0.03551471739	0.03555409215
85	18.7907931	18.7712155	18.7660614	18.757913	0.03718621565	0.03716993934	0.03717475615	0.03716701835	20.347341	20.345605	20.331654	20.29413	0.03549956097	0.03548653132	0.03551365717	0.03555523643
86	18.7953231	18.776337	18.7712107	18.7636922	0.03722046162	0.03720687441	0.03721059747	0.03720185626	20.347341	20.34591	20.331837	20.292682	0.03549956097	0.03548775589	0.03551347617	0.03555624879
87	18.7950491	18.7771915	18.7715309	18.7640478	0.03722037856	0.03720889284	0.0372129872	0.03720528306	20.347341	20.345845	20.331999	20.291598	0.03549956097	0.03548781532	0.03551385318	0.03555791949
88	18.7912291	18.7726278	18.7673864	18.7596002	0.0372248813	0.03721038393	0.03721593754	0.0372078198	20.347341	20.345098	20.331904	20.290362	0.03549956097	0.03548872576	0.03551456083	0.03555901548
89	18.7949971	18.7772244	18.7718991	18.7639167	0.03721356668	0.03720071221	0.03720620968	0.03719709709	20.347341	20.345324	20.331721	20.288957	0.03549956097	0.03548746822	0.03551408945	0.03556058308
90	18.8014971	18.7837871	18.7786186	18.7704373	0.03721533389	0.03720442039	0.03720807373	0.03719959933	20.347341	20.345601	20.331866	20.287683	0.03549956097	0.03548732736	0.0355146046	0.03556195053
91	18.7988911	18.7810753	18.7762843	18.7673979	0.03722758141	0.03721348236	0.03721791663	0.03720857445	20.347341	20.345183	20.331833	20.286289	0.03549956097	0.03548949087	0.03551423319	0.03556415246
92	18.7985691	18.7813072	18.7762834	18.7686594	0.03723244117	0.03722099279	0.0372243706	0.03721543311	20.347341	20.346052	20.331994	20.284614	0.03549956097	0.03548917037	0.03551452742	0.03556579633
93	18.7872531	18.7702401	18.7650656	18.7564767	0.03719886032	0.03718546605	0.03719106426	0.03718163084	20.347341	20.345891	20.331936	20.282957	0.03549956097	0.03548882768	0.03551442123	0.03556774817
94	18.7906931	18.773562	18.768663	18.760144	0.0372158064	0.03720357052	0.03720838109	0.03719796767	20.347341	20.34612	20.33211	20.2812	0.03549956097	0.0354899078	0.03551406299	0.03556827622
95	18.7922931	18.775101	18.769918	18.7619182	0.03719876398	0.03718373114	0.03718922701	0.0371803515	20.347341	20.34617	20.33244	20.279342	0.03549956097	0.03548893495	0.03551552364	0.03556871837
96	18.7922271	18.7735692	18.7686781	18.7603769	0.03721603179	0.037202111	0.03720711134	0.03719763917	20.347341	20.345752	20.332171	20.277319	0.03549956097	0.03548917803	0.03551493552	0.03557018036
97	18.7889951	18.7717432	18.7674188	18.7593934	0.03720597033	0.03719141424	0.03719728648	0.03718700415	20.347341	20.345312	20.332288	20.275474	0.03549956097	0.03549039991	0.03551541542	0.03557171399
98	18.7851771	18.7684515	18.7638576	18.754774	0.03719856349	0.03718546962	0.03718951898	0.03717884464	20.347341	20.345445	20.332256	20.2738	0.03549956097	0.03549055357	0.0355153137	0.03557278688
99	18.7835471	18.7686818	18.7634936	18.7548833	0.03719681846	0.03718770088	0.03719252803	0.03718172659	20.347341	20.346098	20.332096	20.271903	0.03549956097	0.03548933578	0.03551533448	0.03557368981
100	18.7879951	18.7714135	18.7666069	18.7576973	0.0371879611	0.0371773539	0.03718286212	0.03717132613	20.347341	20.345885	20.332199	20.269723	0.03549956097	0.03548966877	0.03551592738	0.03557443703
