r	c	alpha	beta	Q_Tm	Pi_Tm	Time_Tm	CPUTime_Tm	Comp_Tm
2	1.8	20	2	5	3.376186382	7624	91370	31405
2	1.7	20	2	6	5.750741672	8007	95710	35329
2	1.6	20	2	7	8.382604734	9605	115170	42031
2	1.5	20	2	7	11.24339301	8399	100690	42074
2	1.4	20	2	8	14.32151963	9957	119370	46741
2	1.3	20	2	8	17.57754557	10386	124170	49867
2	1.2	20	2	9	21.03430043	10475	125590	54248
2	1.1	20	2	9	24.66042213	10113	120950	56234
2	1	20	2	10	28.46823268	10402	124720	61913
2	0.9	20	2	10	32.45956325	12084	144870	62533
2	0.8	20	2	11	36.63278391	13398	159570	67063
2	0.7	20	2	11	41.00495085	12754	152910	68879
2	0.6	20	2	12	45.58067935	14202	168190	75367
2	0.5	20	2	12	50.36606496	14575	174750	77573
2	0.4	20	2	13	55.42552126	14660	175740	84652
2	0.3	20	2	14	60.76395436	16848	202000	89498
2	0.2	20	2	15	66.46074245	17727	212240	96378
2	1.8	10	1	5	3.090683842	9932	117970	41621
2	1.7	10	1	5	5.312566071	10875	130390	43653
2	1.6	10	1	6	7.878753927	12914	154840	53082
2	1.5	10	1	7	10.67573649	14923	178630	61471
2	1.4	10	1	7	13.6544528	14533	174240	66381
2	1.3	10	1	8	16.88863713	16919	202860	71376
2	1.2	10	1	8	20.26034827	17163	205770	74159
2	1.1	10	1	9	23.89143219	16588	198600	83697
2	1	10	1	9	27.63839435	19105	229060	84257
2	0.9	10	1	10	31.65364527	21635	259390	93837
2	0.8	10	1	11	35.82892503	23652	283310	104904
2	0.7	10	1	11	40.20662859	23956	287200	107639
2	0.6	10	1	12	44.82097943	26487	317260	117315
2	0.5	10	1	13	49.65932495	28269	338900	126448
2	0.4	10	1	14	54.76590973	29376	350440	140400
2	0.3	10	1	15	60.19249143	33864	406000	150980
2	0.2	10	1	16	66.01333309	37229	446060	164216
2	1.8	5	0.5	4	2.712369164	13830	165810	48969
2	1.7	5	0.5	5	4.836259893	17649	211600	64990
2	1.6	5	0.5	5	7.216589393	18559	222230	70225
2	1.5	5	0.5	6	9.93354795	19649	235570	85625
2	1.4	5	0.5	7	12.86742629	23338	279830	101496
2	1.3	5	0.5	7	15.96732114	25947	310800	107498
2	1.2	5	0.5	8	19.34588858	29772	356930	125158
2	1.1	5	0.5	9	22.90322033	31457	376870	141147
2	1	5	0.5	9	26.63944973	33474	401330	146008
2	0.9	5	0.5	10	30.61793475	37964	454860	163563
2	0.8	5	0.5	11	34.79333482	39207	468290	185154
2	0.7	5	0.5	11	39.17195482	43083	516200	190184
2	0.6	5	0.5	12	43.82082704	46413	556150	212918
2	0.5	5	0.5	13	48.72016646	50755	608200	229878
2	0.4	5	0.5	14	53.9070382	56964	679720	257341
2	0.3	5	0.5	16	59.44128843	64553	772360	292893
2	0.2	5	0.5	17	65.40779883	71615	858300	326143
2	1.8	2.5	0.25	2	2.151207145	11938	142820	38744
2	1.7	2.5	0.25	3	4.139346392	17850	214010	70205
2	1.6	2.5	0.25	4	6.46474842	22908	274650	98514
2	1.5	2.5	0.25	5	9.067650131	28865	345800	133022
2	1.4	2.5	0.25	6	11.90334036	35923	430690	165824
2	1.3	2.5	0.25	6	14.87841563	38950	466680	180668
2	1.2	2.5	0.25	7	18.18924262	47314	566920	214964
2	1.1	2.5	0.25	8	21.69846746	55369	663520	255106
2	1	2.5	0.25	9	25.41180141	66359	795290	286799
2	0.9	2.5	0.25	9	29.28413958	67880	813450	300386
2	0.8	2.5	0.25	10	33.4635194	80013	956940	341978
2	0.7	2.5	0.25	11	37.87162332	90744	1087580	391813
2	0.6	2.5	0.25	12	42.53093019	102071	1223110	427860
2	0.5	2.5	0.25	14	47.50687019	123162	1475990	510503
2	0.4	2.5	0.25	15	52.76845609	141298	1693340	567140
2	0.3	2.5	0.25	17	58.4358694	166552	1995530	656737
2	0.2	2.5	0.25	19	64.58162599	197476	2366550	759175
2	1.8	1.25	0.125	1	1.578064274	6234	74680	32228
2	1.7	1.25	0.125	2	3.501752212	16193	193930	81483
2	1.6	1.25	0.125	2	5.411911939	19967	239360	99308
2	1.5	1.25	0.125	3	7.990073969	34671	415390	164913
2	1.4	1.25	0.125	4	10.76834009	49191	589410	241824
2	1.3	1.25	0.125	5	13.75035499	66089	792020	309149
2	1.2	1.25	0.125	5	16.75426221	73672	882690	339153
2	1.1	1.25	0.125	6	20.19528008	91910	1101580	420555
2	1	1.25	0.125	7	23.86932376	114099	1367640	519110
2	0.9	1.25	0.125	8	27.74507867	143800	1723490	600783
2	0.8	1.25	0.125	10	31.94369003	187386	2245770	758011
2	0.7	1.25	0.125	11	36.29228423	223330	2676400	855374
2	0.6	1.25	0.125	12	40.93355018	258910	3103040	952093
2	0.5	1.25	0.125	14	45.92728928	326204	3907670	1120286
2	0.4	1.25	0.125	16	51.27349305	404891	4852440	1299786
2	0.3	1.25	0.125	19	57.06749809	524909	6290880	1545550
2	0.2	1.25	0.125	23	63.43358	721065	8640400	1878450
2	1.8	0.625	0.0625	0	0	0	0	4
2	1.7	0.625	0.0625	0	0	0	0	4
2	1.6	0.625	0.0625	1	4.499160564	12034	144270	86711
2	1.5	0.625	0.0625	1	6.41935969	18250	218770	97666
2	1.4	0.625	0.0625	2	9.501638716	42810	512990	252406
2	1.3	0.625	0.0625	3	12.55698984	81895	980290	416846
2	1.2	0.625	0.0625	3	15.33045456	86640	1038140	455280
2	1.1	0.625	0.0625	4	18.75189139	131615	1577320	616509
2	1	0.625	0.0625	5	22.31324464	189477	2270750	788283
2	0.9	0.625	0.0625	6	26.0567388	256477	3073420	963516
2	0.8	0.625	0.0625	8	30.18052107	387919	4649070	1257722
2	0.7	0.625	0.0625	9	34.38549614	488825	5858590	1433708
2	0.6	0.625	0.0625	11	39.05083916	668544	8012340	1739757
2	0.5	0.625	0.0625	14	44.02174894	981520	11763800	2157231
2	0.4	0.625	0.0625	17	49.37139479	1353159	16213960	2587867
2	0.3	0.625	0.0625	21	55.23410845	1957160	23456810	3130591
2	0.2	0.625	0.0625	26	61.80828272	2900238	34753180	3814526
2	1.8	40	2	13	9.244003546	14101	169010	77728
2	1.7	40	2	14	14.90580116	16321	195380	82172
2	1.6	40	2	15	20.97645153	17863	214150	89455
2	1.5	40	2	16	27.39066271	18495	221740	94138
2	1.4	40	2	17	34.10456119	20581	246490	102654
2	1.3	40	2	18	41.08832809	21062	252520	107410
2	1.2	40	2	18	48.34103928	21259	254880	109051
2	1.1	40	2	19	55.86738594	20862	250120	113271
2	1	40	2	20	63.63374351	21590	258850	120997
2	0.9	40	2	20	71.65555599	25116	296970	121002
2	0.8	40	2	21	79.95714853	25175	299570	129123
2	0.7	40	2	22	88.51891758	25101	298920	134060
2	0.6	40	2	23	97.36172302	24174	289840	141293
2	0.5	40	2	23	106.5136279	27614	328520	143681
2	0.4	40	2	24	116.0209901	26271	314690	149699
2	0.3	40	2	26	125.9341221	30351	363580	159913
2	0.2	40	2	27	136.3332339	30029	360010	172148
2	1.8	20	1	12	8.788459076	24385	292340	103034
2	1.7	20	1	14	14.30470264	27139	324560	121330
2	1.6	20	1	15	20.24042686	28422	340740	130018
2	1.5	20	1	16	26.5325773	30093	358930	140398
2	1.4	20	1	16	33.13634913	30491	365270	143259
2	1.3	20	1	17	40.06223968	36691	439910	153522
2	1.2	20	1	18	47.26690864	39168	467280	162484
2	1.1	20	1	19	54.74149435	39162	469230	172147
2	1	20	1	20	62.48146184	42392	508220	180954
2	0.9	20	1	20	70.49798996	42945	512290	190005
2	0.8	20	1	21	78.80527283	43760	523840	198285
2	0.7	20	1	22	87.39985046	47386	567340	208574
2	0.6	20	1	23	96.29777008	48048	575760	218253
2	0.5	20	1	24	105.5291519	50560	606170	232381
2	0.4	20	1	25	115.130499	53395	637820	246058
2	0.3	20	1	27	125.1597672	56248	674030	265079
2	0.2	20	1	28	135.7276328	59348	711260	282180
2	1.8	10	0.5	11	8.211151348	34465	412880	148730
2	1.7	10	0.5	12	13.49976903	37989	455170	169849
2	1.6	10	0.5	13	19.24713262	43364	518200	191345
2	1.5	10	0.5	14	25.38953467	46705	557900	208189
2	1.4	10	0.5	15	31.88373122	48466	580790	229071
2	1.3	10	0.5	16	38.70283474	53323	639020	247021
2	1.2	10	0.5	17	45.82930431	58592	701340	268681
2	1.1	10	0.5	18	53.25226917	61343	735150	285212
2	1	10	0.5	19	60.96645511	67077	803910	307251
2	0.9	10	0.5	20	68.97534814	71918	857530	328787
2	0.8	10	0.5	21	77.28503369	74168	888880	351131
2	0.7	10	0.5	22	85.90719533	82901	989140	369299
2	0.6	10	0.5	23	94.86014826	86209	1032990	395402
2	0.5	10	0.5	25	104.1939096	94866	1134960	429742
2	0.4	10	0.5	26	113.919889	102627	1227780	458747
2	0.3	10	0.5	28	124.123517	116754	1398170	498318
2	0.2	10	0.5	30	134.9095768	129525	1550670	548400
2	1.8	5	0.25	9	7.486277334	49088	587440	223017
2	1.7	5	0.25	10	12.50195481	60208	721560	265201
2	1.6	5	0.25	11	18.00766214	67950	812840	301665
2	1.5	5	0.25	13	24.02440841	83300	998400	370028
2	1.4	5	0.25	14	30.34640794	93921	1125430	414779
2	1.3	5	0.25	15	37.01692334	103785	1244060	449501
2	1.2	5	0.25	16	44.01641698	116697	1397750	494595
2	1.1	5	0.25	17	51.33930753	128029	1534130	546474
2	1	5	0.25	19	59.02703729	150877	1808350	609620
2	0.9	5	0.25	20	66.99718027	162763	1947920	660163
2	0.8	5	0.25	21	75.29507319	173848	2083430	709499
2	0.7	5	0.25	22	83.93176772	193031	2313490	753667
2	0.6	5	0.25	24	92.9739392	216324	2589190	829756
2	0.5	5	0.25	26	102.4030689	240465	2880140	899460
2	0.4	5	0.25	28	112.2828198	273760	3278160	986299
2	0.3	5	0.25	30	122.6930802	314683	3769650	1096451
2	0.2	5	0.25	33	133.7715062	373805	4470780	1231915
2	1.8	2.5	0.125	6	6.602377203	59748	715980	284058
2	1.7	2.5	0.125	7	11.26711722	82017	980150	379851
2	1.6	2.5	0.125	9	16.60653168	115950	1388560	526377
2	1.5	2.5	0.125	10	22.28119473	139965	1677480	607380
2	1.4	2.5	0.125	12	28.46435713	180757	2166260	754671
2	1.3	2.5	0.125	13	34.92796748	215539	2582380	848826
2	1.2	2.5	0.125	14	41.74024119	248086	2973120	937102
2	1.1	2.5	0.125	16	48.98881402	302679	3624620	1081480
2	1	2.5	0.125	17	56.50291702	338417	4055860	1173049
2	0.9	2.5	0.125	19	64.43455013	402059	4818540	1321071
2	0.8	2.5	0.125	21	72.71454663	468756	5618140	1470343
2	0.7	2.5	0.125	22	81.33471177	525728	6300850	1574220
2	0.6	2.5	0.125	25	90.44101895	646138	7744060	1789864
2	0.5	2.5	0.125	27	99.9662686	741862	8889950	1950096
2	0.4	2.5	0.125	30	110.0175773	895540	10730560	2186948
2	0.3	2.5	0.125	33	120.6802917	1056799	12665220	2424437
2	0.2	2.5	0.125	38	132.1370474	1362368	16325370	2798096
2	1.8	1.25	0.0625	3	5.552244141	46043	551940	270473
2	1.7	1.25	0.0625	4	9.886481135	81859	981190	433691
2	1.6	1.25	0.0625	5	14.78096341	121135	1451780	595354
2	1.5	1.25	0.0625	7	20.41017333	211805	2538300	859009
2	1.4	1.25	0.0625	8	26.19776001	275449	3299620	1016816
2	1.3	1.25	0.0625	10	32.55129064	399851	4791900	1296942
2	1.2	1.25	0.0625	11	39.09105247	490045	5871830	1449117
2	1.1	1.25	0.0625	13	46.14849856	652253	7810860	1732464
2	1	1.25	0.0625	15	53.54195384	840418	10071860	1999719
2	0.9	1.25	0.0625	17	61.30090153	1043539	12506490	2254004
2	0.8	1.25	0.0625	19	69.44256752	1301975	15601730	2542918
2	0.7	1.25	0.0625	22	78.06064446	1695644	20322090	2916194
2	0.6	1.25	0.0625	24	87.08312366	2006757	24048240	3197001
2	0.5	1.25	0.0625	28	96.69983365	2683382	32155890	3698112
2	0.4	1.25	0.0625	32	106.8985561	3511540	42085700	4185548
2	0.3	1.25	0.0625	37	117.8389083	4665517	55904550	4808856
2	0.2	1.25	0.0625	44	129.7466004	6655662	79756890	5652428
2	1.8	60	2	22	15.61549265	22338	267610	126377
2	1.7	60	2	23	24.75049897	25129	297090	134360
2	1.6	60	2	24	34.38121297	26040	310410	140604
2	1.5	60	2	25	44.43713217	27426	326810	148630
2	1.4	60	2	26	54.87272205	28310	336970	156243
2	1.3	60	2	27	65.65669214	30184	358370	160818
2	1.2	60	2	28	76.76915666	29226	348620	168171
2	1.1	60	2	29	88.19726916	31096	370640	172809
2	1	60	2	30	99.93534553	31551	376330	179493
2	0.9	60	2	31	111.9855467	34862	415450	185610
2	0.8	60	2	31	124.3651391	33618	401180	187780
2	0.7	60	2	32	137.0787037	33687	401410	194984
2	0.6	60	2	33	150.1403128	36475	435530	203565
2	0.5	60	2	34	163.5762549	36577	436590	207381
2	0.4	60	2	36	177.4295776	36878	439100	221109
2	0.3	60	2	37	191.7756411	43918	522170	228289
2	0.2	60	2	39	206.7057248	42422	506750	242132
2	1.8	30	1	20	15.03839313	37255	441660	175254
2	1.7	30	1	22	23.98568355	42687	508070	189302
2	1.6	30	1	23	33.44493956	41934	500470	203108
2	1.5	30	1	25	43.37608845	46177	551320	221267
2	1.4	30	1	26	53.69680177	45812	542770	232506
2	1.3	30	1	27	64.38697291	48249	576450	241603
2	1.2	30	1	28	75.42654502	51577	614070	254734
2	1.1	30	1	29	86.80462458	51356	611290	264562
2	1	30	1	30	98.51902308	54609	650990	272254
2	0.9	30	1	30	110.5564687	55924	666320	280650
2	0.8	30	1	31	122.9532543	55551	663840	290344
2	0.7	30	1	33	135.7139342	58849	702070	309491
2	0.6	30	1	34	148.840986	60890	725450	320436
2	0.5	30	1	35	162.3716914	64924	774320	333340
2	0.4	30	1	36	176.3451454	66261	790280	347016
2	0.3	30	1	38	190.8485515	69605	830510	370907
2	0.2	30	1	40	205.9863744	75969	905260	395484
2	1.8	15	0.5	19	14.30981666	52931	630900	265167
2	1.7	15	0.5	20	22.96873868	57395	686380	290781
2	1.6	15	0.5	22	32.23928733	63180	753200	325974
2	1.5	15	0.5	23	41.96466222	69055	823740	346536
2	1.4	15	0.5	24	52.11771191	74085	882620	368556
2	1.3	15	0.5	26	62.71727296	80742	963620	402861
2	1.2	15	0.5	27	73.66172303	88869	1059570	423130
2	1.1	15	0.5	28	84.97172533	91181	1088630	446975
2	1	15	0.5	29	96.64252538	98208	1172280	467158
2	0.9	15	0.5	30	108.6743563	103000	1229300	489772
2	0.8	15	0.5	32	121.1001829	111836	1334920	524012
2	0.7	15	0.5	33	133.8970007	123082	1467920	551763
2	0.6	15	0.5	34	147.0931643	128112	1524930	573284
2	0.5	15	0.5	36	160.7471449	137460	1640780	612306
2	0.4	15	0.5	38	174.8836064	150790	1800450	651717
2	0.3	15	0.5	40	189.5933705	163344	1948330	699350
2	0.2	15	0.5	43	205.0058427	181808	2167090	760289
2	1.8	7.5	0.25	16	13.37247644	89175	1063350	417429
2	1.7	7.5	0.25	18	21.71634088	107950	1288530	499105
2	1.6	7.5	0.25	20	30.69299075	125604	1499740	571020
2	1.5	7.5	0.25	21	40.16567071	141498	1686810	619030
2	1.4	7.5	0.25	23	50.15229254	162669	1940750	695701
2	1.3	7.5	0.25	24	60.53224106	176370	2103190	741238
2	1.2	7.5	0.25	26	71.36593429	191074	2281640	807664
2	1.1	7.5	0.25	27	82.56668704	211178	2518520	849182
2	1	7.5	0.25	29	94.18864982	232033	2771320	914238
2	0.9	7.5	0.25	30	106.188941	251903	3007160	960202
2	0.8	7.5	0.25	32	118.6147532	276553	3299690	1053761
2	0.7	7.5	0.25	33	131.444295	300094	3582490	1106511
2	0.6	7.5	0.25	35	144.7487823	334824	3997890	1187162
2	0.5	7.5	0.25	37	158.5372912	364305	4346200	1270091
2	0.4	7.5	0.25	40	172.8817348	407043	4859880	1388622
2	0.3	7.5	0.25	43	187.862027	466898	5572290	1517376
2	0.2	7.5	0.25	46	203.6404748	527085	6292660	1658349
2	1.8	3.75	0.125	12	12.2208428	136156	1624650	639142
2	1.7	3.75	0.125	14	20.1294264	186363	2225050	801832
2	1.6	3.75	0.125	16	28.73344577	235960	2817170	953093
2	1.5	3.75	0.125	18	37.91932213	293571	3506610	1098181
2	1.4	3.75	0.125	20	47.62074838	350581	4186530	1241485
2	1.3	3.75	0.125	22	57.79315403	411948	4921030	1391718
2	1.2	3.75	0.125	23	68.35438641	459161	5479440	1486856
2	1.1	3.75	0.125	25	79.42602637	536380	6402120	1632050
2	1	3.75	0.125	27	90.9299904	610374	7288080	1773318
2	0.9	3.75	0.125	29	102.8717926	698193	8338620	1930516
2	0.8	3.75	0.125	31	115.264075	788107	9410800	2083414
2	0.7	3.75	0.125	34	128.1609797	932468	11129950	2287295
2	0.6	3.75	0.125	36	141.5383766	1057558	12624530	2446675
2	0.5	3.75	0.125	39	155.4933355	1192876	14244000	2654971
2	0.4	3.75	0.125	42	170.0697951	1377554	16445290	2874154
2	0.3	3.75	0.125	47	185.4035574	1718955	20525470	3234789
2	0.2	3.75	0.125	52	201.6701667	2093007	24990040	3601747
2	1.8	1.875	0.0625	7	10.81606163	154129	1839010	726620
2	1.7	1.875	0.0625	9	18.22765614	250385	2990810	1004117
2	1.6	1.875	0.0625	11	26.38626462	376018	4490060	1272701
2	1.5	1.875	0.0625	13	35.16318029	515307	6153600	1542243
2	1.4	1.875	0.0625	16	44.61404601	746841	8918690	1907737
2	1.3	1.875	0.0625	18	54.43546939	945429	11290060	2166151
2	1.2	1.875	0.0625	20	64.74346623	1159435	13842120	2425187
2	1.1	1.875	0.0625	22	75.52367567	1406259	16789720	2695881
2	1	1.875	0.0625	25	86.85534916	1798502	21475620	3061858
2	0.9	1.875	0.0625	27	98.59806996	2062157	24625850	3308182
2	0.8	1.875	0.0625	30	110.9130944	2549496	30441940	3672698
2	0.7	1.875	0.0625	33	123.7459929	3114612	37194330	4038879
2	0.6	1.875	0.0625	37	137.1964488	3911839	46701460	4508403
2	0.5	1.875	0.0625	41	151.285224	4863421	58077000	4978832
2	0.4	1.875	0.0625	46	166.1262383	6186293	73864130	5537162
2	0.3	1.875	0.0625	52	181.8657732	8023534	95804060	6210506
2	0.2	1.875	0.0625	60	198.7590031	10838752	129414020	7135166
2	1.8	80	2	30	22.24095198	35226	421810	175752
2	1.7	80	2	32	34.92949285	37828	453250	188094
2	1.6	80	2	33	48.19121706	38232	458370	194681
2	1.5	80	2	35	61.95938757	37891	452430	205133
2	1.4	80	2	36	76.16150879	42626	509110	212771
2	1.3	80	2	37	90.76541351	44285	530930	220005
2	1.2	80	2	38	105.7507053	47089	562610	224899
2	1.1	80	2	39	121.1042303	44427	532330	232517
2	1	80	2	40	136.8212254	48061	575920	239826
2	0.9	80	2	41	152.9027199	51877	621650	244261
2	0.8	80	2	42	169.354252	47766	569990	252876
2	0.7	80	2	43	186.1899466	51377	615690	259134
2	0.6	80	2	44	203.4290517	53881	645320	266479
2	0.5	80	2	45	221.1005716	53542	641470	273180
2	0.4	80	2	46	239.2449575	57557	686010	281884
2	0.3	80	2	48	257.9549274	58404	699900	293872
2	0.2	80	2	50	277.3358367	62010	740430	310359
2	1.8	40	1	29	21.58197144	53538	641560	248912
2	1.7	40	1	31	34.03775175	58374	698130	272094
2	1.6	40	1	32	47.10616152	58132	696650	284775
2	1.5	40	1	34	60.72149973	63253	758020	299719
2	1.4	40	1	35	74.79077254	64526	771000	314560
2	1.3	40	1	36	89.28722296	67629	810500	326254
2	1.2	40	1	37	104.1906411	70962	848130	337357
2	1.1	40	1	38	119.4877522	70285	842310	348872
2	1	40	1	40	135.184419	75423	903920	364176
2	0.9	40	1	41	151.2648437	76548	914950	379440
2	0.8	40	1	42	167.7400084	80063	959260	391729
2	0.7	40	1	43	184.6221226	83739	1000330	402125
2	0.6	40	1	44	201.9304951	84422	1011500	414127
2	0.5	40	1	46	219.7132898	87365	1044510	435965
2	0.4	40	1	47	238.0043352	92305	1102490	452658
2	0.3	40	1	49	256.8966377	97375	1165080	474060
2	0.2	40	1	52	276.5187702	102557	1228560	508911
2	1.8	20	0.5	27	20.71065945	82286	983630	387088
2	1.7	20	0.5	29	32.86241163	91414	1094420	424922
2	1.6	20	0.5	31	45.69182424	98996	1186210	463595
2	1.5	20	0.5	32	59.0715603	107761	1289400	486326
2	1.4	20	0.5	34	72.98100015	117082	1402210	523385
2	1.3	20	0.5	35	87.33358461	125446	1502460	546724
2	1.2	20	0.5	36	102.1174016	131278	1572080	568135
2	1.1	20	0.5	38	117.3679954	139540	1671770	607523
2	1	20	0.5	39	133.0073887	146328	1752500	628604
2	0.9	20	0.5	41	149.0809561	159169	1904380	661692
2	0.8	20	0.5	42	165.5775092	160930	1925380	688838
2	0.7	20	0.5	43	182.5049693	173836	2080070	708906
2	0.6	20	0.5	45	199.929018	184085	2206110	749374
2	0.5	20	0.5	47	217.8492989	198309	2373700	795510
2	0.4	20	0.5	49	236.3317906	212044	2537580	839145
2	0.3	20	0.5	51	255.4642339	224326	2688360	885222
2	0.2	20	0.5	54	275.4038718	249477	2986830	951153
2	1.8	10	0.25	23	19.58326732	143742	1722800	629403
2	1.7	10	0.25	26	31.35589498	175315	2100970	737457
2	1.6	10	0.25	28	43.84549417	200517	2401030	809257
2	1.5	10	0.25	30	56.95852002	227046	2720890	878500
2	1.4	10	0.25	32	70.62282165	249970	2992350	951804
2	1.3	10	0.25	33	84.76050977	268642	3217280	1010065
2	1.2	10	0.25	35	99.42615736	305348	3657330	1085983
2	1.1	10	0.25	37	114.5515791	329449	3945720	1166373
2	1	10	0.25	39	130.1310411	359050	4303020	1239768
2	0.9	10	0.25	40	146.1553768	379444	4545830	1291314
2	0.8	10	0.25	42	162.6762341	408031	4889540	1367755
2	0.7	10	0.25	44	179.6840688	444615	5326230	1447676
2	0.6	10	0.25	46	197.2095584	479818	5746750	1534862
2	0.5	10	0.25	49	215.3072586	530017	6349430	1642076
2	0.4	10	0.25	51	234.0280449	579007	6937980	1730238
2	0.3	10	0.25	55	253.4877728	643211	7704620	1872689
2	0.2	10	0.25	59	273.856732	740464	8874060	2047076
2	1.8	5	0.125	18	18.17723131	255857	3066390	994935
2	1.7	5	0.125	21	29.43224833	341378	4089370	1201729
2	1.6	5	0.125	24	41.51506977	431135	5166870	1407967
2	1.5	5	0.125	26	54.22533011	511362	6128580	1564131
2	1.4	5	0.125	28	67.54148957	583946	6995730	1714184
2	1.3	5	0.125	31	81.47946025	698090	8364580	1908718
2	1.2	5	0.125	33	95.8941631	784378	9396640	2056064
2	1.1	5	0.125	35	110.8260831	873351	10463720	2200713
2	1	5	0.125	37	126.2690518	978817	11727900	2344744
2	0.9	5	0.125	40	142.2608122	1137612	13633850	2548457
2	0.8	5	0.125	42	158.7534923	1239787	14856510	2701108
2	0.7	5	0.125	45	175.818797	1425090	17078370	2904584
2	0.6	5	0.125	48	193.4698212	1617076	19377040	3122409
2	0.5	5	0.125	51	211.7652219	1862903	22323650	3336483
2	0.4	5	0.125	55	230.7893214	2155423	25824630	3608603
2	0.3	5	0.125	59	250.6673878	2521262	30216460	3896960
2	0.2	5	0.125	65	271.6095333	3080380	36916180	4312753
2	1.8	2.5	0.0625	12	16.49737479	366800	4393100	1257475
2	1.7	2.5	0.0625	15	27.12820055	569402	6824430	1631200
2	1.6	2.5	0.0625	18	38.65630112	825866	9897670	1999022
2	1.5	2.5	0.0625	21	50.9230691	1113487	13343020	2369714
2	1.4	2.5	0.0625	24	63.83681342	1465699	17562040	2727332
2	1.3	2.5	0.0625	26	77.28361735	1727814	20707540	2985946
2	1.2	2.5	0.0625	29	91.38826419	2150330	25766920	3331405
2	1.1	2.5	0.0625	32	106.0533343	2580787	30924700	3677090
2	1	2.5	0.0625	35	121.2820682	3171535	38006590	4042600
2	0.9	2.5	0.0625	38	137.0885558	3724617	44633050	4374415
2	0.8	2.5	0.0625	41	153.4909771	4460342	53441340	4733403
2	0.7	2.5	0.0625	45	170.5605834	5371592	64363390	5177868
2	0.6	2.5	0.0625	49	188.3030404	6524103	78190440	5643087
2	0.5	2.5	0.0625	53	206.7960464	7738713	92715700	6083126
2	0.4	2.5	0.0625	59	226.1774763	9675329	115909640	6724127
2	0.3	2.5	0.0625	66	246.5794271	12243159	146680920	7468090
2	0.2	2.5	0.0625	75	268.2887825	15986041	191542350	8434921
2	1.8	100	2	39	29.03670601	43636	518600	229206
2	1.7	100	2	41	45.32561101	43822	523530	240778
2	1.6	100	2	43	62.27305195	48625	578440	251257
2	1.5	100	2	44	79.77863084	47382	566300	260235
2	1.4	100	2	45	97.76935039	51289	610410	266749
2	1.3	100	2	46	116.2114331	54353	645370	274198
2	1.2	100	2	47	135.081983	55977	669130	279177
2	1.1	100	2	49	154.3809174	54916	652000	292456
2	1	100	2	50	174.079467	59583	709860	298786
2	0.9	100	2	51	194.1848021	61309	731200	303928
2	0.8	100	2	52	214.7031141	61650	734920	310503
2	0.7	100	2	53	235.6465474	62795	748610	318194
2	0.6	100	2	54	257.0360237	61592	733540	325699
2	0.5	100	2	56	278.9124204	66396	791680	338481
2	0.4	100	2	57	301.3252033	70440	837980	345722
2	0.3	100	2	59	324.3517743	70564	842130	360970
2	0.2	100	2	61	348.127685	74098	884190	376379
2	1.8	50	1	38	28.28899448	63348	755540	327846
2	1.7	50	1	40	44.32137061	65001	775360	349637
2	1.6	50	1	41	61.04300575	68111	812760	363566
2	1.5	50	1	43	78.38186466	72941	870680	381102
2	1.4	50	1	44	96.21996919	74303	883020	394743
2	1.3	50	1	46	114.5663091	79248	946080	415693
2	1.2	50	1	47	133.3556321	81306	969050	427567
2	1.1	50	1	48	152.5819787	85575	1019790	439760
2	1	50	1	50	172.2494135	87981	1048840	455955
2	0.9	50	1	51	192.3549282	90481	1075080	471467
2	0.8	50	1	52	212.8967236	92835	1106070	483239
2	0.7	50	1	53	233.8870587	96378	1149150	496150
2	0.6	50	1	55	255.3773345	98846	1178060	516183
2	0.5	50	1	56	277.3679816	104347	1244680	529686
2	0.4	50	1	58	299.9463882	106218	1266920	553107
2	0.3	50	1	60	323.1792521	113871	1355930	577880
2	0.2	50	1	63	347.2277344	119767	1429880	608426
2	1.8	25	0.5	35	27.30129097	104591	1248250	508926
2	1.7	25	0.5	37	42.97723474	114539	1367170	552770
2	1.6	25	0.5	40	59.44769356	131313	1564510	602702
2	1.5	25	0.5	41	76.52157257	138374	1648930	628887
2	1.4	25	0.5	43	94.18946567	147367	1759180	665150
2	1.3	25	0.5	45	112.3722585	157763	1881850	698819
2	1.2	25	0.5	46	131.0375112	166190	1982440	724404
2	1.1	25	0.5	48	150.1950681	176085	2099520	759809
2	1	25	0.5	49	169.8096869	184319	2197520	788797
2	0.9	25	0.5	51	189.9086148	200059	2387010	827862
2	0.8	25	0.5	52	210.4722071	203203	2424560	850259
2	0.7	25	0.5	54	231.5484738	219149	2613380	889512
2	0.6	25	0.5	56	253.1421921	226809	2707130	933910
2	0.5	25	0.5	58	275.3002785	244288	2914520	972371
2	0.4	25	0.5	60	298.0860483	260607	3108880	1017030
2	0.3	25	0.5	63	321.5960551	282566	3368830	1078868
2	0.2	25	0.5	66	345.9995341	306125	3652560	1149554
2	1.8	12.5	0.25	31	26.02918332	199930	2387610	849499
2	1.7	12.5	0.25	34	41.27378445	239498	2859870	960426
2	1.6	12.5	0.25	36	57.32790532	269670	3218650	1052571
2	1.5	12.5	0.25	39	74.12889413	311649	3718720	1158896
2	1.4	12.5	0.25	41	91.5194766	339846	4056250	1238410
2	1.3	12.5	0.25	43	109.483176	370482	4423590	1308684
2	1.2	12.5	0.25	45	127.9892592	402312	4802380	1389124
2	1.1	12.5	0.25	47	147.0192918	427240	5098770	1465677
2	1	12.5	0.25	49	166.5668224	462346	5517850	1548274
2	0.9	12.5	0.25	50	186.6112967	490347	5850800	1597599
2	0.8	12.5	0.25	53	207.2304416	532750	6360790	1692592
2	0.7	12.5	0.25	55	228.3772574	582250	6951440	1773059
2	0.6	12.5	0.25	57	250.1039543	609477	7277720	1849822
2	0.5	12.5	0.25	60	272.4666231	669287	7989860	1968570
2	0.4	12.5	0.25	63	295.5279456	742950	8860520	2095113
2	0.3	12.5	0.25	66	319.4022276	821023	9804880	2226822
2	0.2	12.5	0.25	71	344.2877692	936068	11175770	2425821
2	1.8	6.25	0.125	25	24.40891962	396909	4738170	1383761
2	1.7	6.25	0.125	29	39.09402739	533913	6375250	1645416
2	1.6	6.25	0.125	32	54.66774886	634861	7578890	1856023
2	1.5	6.25	0.125	35	71.01765083	764895	9129590	2055753
2	1.4	6.25	0.125	37	88.01348953	855609	10216690	2209311
2	1.3	6.25	0.125	40	105.6892651	999637	11936150	2411277
2	1.2	6.25	0.125	42	123.9246618	1085969	12969700	2556031
2	1.1	6.25	0.125	45	142.7824241	1239105	14791880	2755162
2	1	6.25	0.125	47	162.1820684	1364918	16297030	2904989
2	0.9	6.25	0.125	50	182.1949286	1538334	18365640	3091184
2	0.8	6.25	0.125	53	202.7956984	1734163	20707570	3296747
2	0.7	6.25	0.125	56	224.0154851	1946994	23244100	3499994
2	0.6	6.25	0.125	59	245.8961122	2202085	26296060	3710752
2	0.5	6.25	0.125	62	268.4928198	2480971	29621170	3929728
2	0.4	6.25	0.125	67	291.9137514	2915587	34811140	4255256
2	0.3	6.25	0.125	72	316.2730809	3419045	40814300	4596235
2	0.2	6.25	0.125	78	341.8079305	4125793	49253330	4997526
2	1.8	3.125	0.0625	18	22.47352585	684388	8170870	1849056
2	1.7	3.125	0.0625	22	36.42050866	1028420	12282450	2329806
2	1.6	3.125	0.0625	25	51.3099635	1355195	16179080	2695612
2	1.5	3.125	0.0625	29	67.12876581	1847108	22058800	3141509
2	1.4	3.125	0.0625	32	83.62802165	2277612	27199820	3495390
2	1.3	3.125	0.0625	35	100.8253283	2752771	32869720	3845099
2	1.2	3.125	0.0625	38	118.6896251	3263711	38972530	4188659
2	1.1	3.125	0.0625	41	137.2042962	3867766	46173270	4527909
2	1	3.125	0.0625	45	156.4122882	4776834	57037770	4959124
2	0.9	3.125	0.0625	48	176.2335129	5504276	65725450	5305302
2	0.8	3.125	0.0625	52	196.7680199	6564011	78378380	5742057
2	0.7	3.125	0.0625	56	218.012268	7727225	92253700	6184504
2	0.6	3.125	0.0625	60	240.021806	8994795	107415930	6611167
2	0.5	3.125	0.0625	66	262.9057831	10972174	131017030	7245243
2	0.4	3.125	0.0625	72	286.7404782	13302743	158905510	7865533
2	0.3	3.125	0.0625	79	311.7150444	16106401	192403100	8595146
2	0.2	3.125	0.0625	89	338.1356837	20783454	248242610	9636404
