r	c	alpha	beta	M	Q_A4m_bar	Q_A4m	Pi_A4m	Time_A4m	CPUTime_A4m	Comp_A4m
2	1.8	20	2	4	5	5	3.370024293	759	230	2412
2	1.7	20	2	4	6	6	5.743955169	254	10	4149
2	1.6	20	2	4	7	7	8.373466397	206	10	5961
2	1.5	20	2	4	7	7	11.23055524	408	0	6769
2	1.4	20	2	4	8	8	14.3084391	607	20	9576
2	1.3	20	2	4	8	8	17.56947623	307	40	10951
2	1.2	20	2	4	9	9	21.02638186	2576	260	14437
2	1.1	20	2	4	9	9	24.64659691	2111	20	15890
2	1	20	2	4	10	10	28.45900657	1321	120	20513
2	0.9	20	2	4	10	10	32.44824448	1088	10	24672
2	0.8	20	2	4	11	11	36.62270985	264	580	31008
2	0.7	20	2	4	11	11	40.99889131	192	20	33242
2	0.6	20	2	4	12	12	45.57622649	1197	40	42058
2	0.5	20	2	4	12	12	50.3602349	215	20	48848
2	0.4	20	2	4	13	13	55.42199826	158	20	63157
2	0.3	20	2	4	14	14	60.76204076	293	640	79576
2	0.2	20	2	4	15	15	66.45938431	181	30	105327
2	1.8	10	1	4	5	5	3.078132604	163	10	2744
2	1.7	10	1	4	5	5	5.286552935	208	640	3515
2	1.6	10	1	4	6	6	7.853171489	150	10	5951
2	1.5	10	1	4	7	7	10.64955473	165	10	9013
2	1.4	10	1	4	7	7	13.63031856	165	10	10642
2	1.3	10	1	4	8	8	16.86555603	206	10	15797
2	1.2	10	1	4	8	8	20.23360072	245	860	17759
2	1.1	10	1	4	9	9	23.86683154	209	10	24928
2	1	10	1	4	9	9	27.61666121	169	10	28999
2	0.9	10	1	4	10	10	31.6341225	251	10	39323
2	0.8	10	1	4	11	11	35.81184819	292	20	51744
2	0.7	10	1	4	11	11	40.19064876	172	10	56856
2	0.6	10	1	4	12	12	44.80802998	214	10	75905
2	0.5	10	1	4	13	13	49.64982454	216	20	99761
2	0.4	10	1	4	14	14	54.75908774	738	20	128744
2	0.3	10	1	4	15	15	60.18793009	910	630	178129
2	0.2	10	1	4	16	16	66.01070484	1223	20	235226
2	1.8	5	0.5	4	4	4	2.681176005	284	0	1904
2	1.7	5	0.5	4	5	5	4.800129909	287	660	3961
2	1.6	5	0.5	4	5	5	7.166442142	243	0	5036
2	1.5	5	0.5	4	6	6	9.882816257	324	0	9082
2	1.4	5	0.5	4	7	7	12.81946727	286	10	14411
2	1.3	5	0.5	4	7	7	15.91984473	286	10	17248
2	1.2	5	0.5	4	8	8	19.29895141	104	440	25421
2	1.1	5	0.5	4	9	9	22.86159257	208	10	37594
2	1	5	0.5	4	9	9	26.59716137	250	10	43774
2	0.9	5	0.5	4	10	10	30.58006539	211	10	61785
2	0.8	5	0.5	4	11	11	34.76183611	232	20	84400
2	0.7	5	0.5	4	11	11	39.14236697	213	180	96242
2	0.6	5	0.5	4	12	12	43.79723584	254	10	130931
2	0.5	5	0.5	4	13	13	48.70120502	256	10	175442
2	0.4	5	0.5	4	14	14	53.89284444	259	20	234779
2	0.3	5	0.5	4	16	16	59.43276656	224	30	362007
2	0.2	5	0.5	4	17	17	65.40242633	276	20	491437
2	1.8	2.5	0.25	4	2	2	2.015682927	205	0	384
2	1.7	2.5	0.25	4	3	3	4.034179973	276	10	1437
2	1.6	2.5	0.25	4	4	4	6.357840984	282	0	3548
2	1.5	2.5	0.25	4	5	5	8.972532258	273	560	7414
2	1.4	2.5	0.25	4	6	6	11.80949257	254	0	13246
2	1.3	2.5	0.25	4	6	6	14.78173892	154	0	15903
2	1.2	2.5	0.25	4	7	7	18.10266817	260	10	26878
2	1.1	2.5	0.25	4	8	8	21.61693411	158	20	40211
2	1	2.5	0.25	4	9	9	25.3401857	158	10	62849
2	0.9	2.5	0.25	4	9	9	29.21135808	209	10	71113
2	0.8	2.5	0.25	4	10	10	33.39910847	211	10	101045
2	0.7	2.5	0.25	4	11	11	37.81834292	212	10	145017
2	0.6	2.5	0.25	4	12	12	42.48626072	264	10	199630
2	0.5	2.5	0.25	4	14	14	47.47465531	277	300	322972
2	0.4	2.5	0.25	4	15	15	52.74260843	271	30	432141
2	0.3	2.5	0.25	4	17	17	58.41847323	226	30	657935
2	0.2	2.5	0.25	4	19	19	64.57048537	193	30	984762
2	1.8	1.25	0.125	4	1	1	1.388629911	122	0	152
2	1.7	1.25	0.125	4	2	2	3.193812602	269	570	538
2	1.6	1.25	0.125	4	2	2	5.055482199	221	0	900
2	1.5	1.25	0.125	4	3	3	7.707095678	201	0	2776
2	1.4	1.25	0.125	4	4	4	10.50598153	302	10	6354
2	1.3	1.25	0.125	4	5	5	13.52942398	304	0	13304
2	1.2	1.25	0.125	4	5	5	16.51253139	263	10	15419
2	1.1	1.25	0.125	4	6	6	19.98380997	238	640	26829
2	1	1.25	0.125	4	7	7	23.68865238	186	10	45235
2	0.9	1.25	0.125	4	8	8	27.59204628	227	10	71821
2	0.8	1.25	0.125	4	10	10	31.82735646	210	10	139113
2	0.7	1.25	0.125	4	11	11	36.19144529	253	10	198216
2	0.6	1.25	0.125	4	12	12	40.846117	214	10	275191
2	0.5	1.25	0.125	4	14	14	45.86013437	239	20	445319
2	0.4	1.25	0.125	4	16	16	51.22205089	263	30	698694
2	0.3	1.25	0.125	4	19	19	57.03002011	273	40	1180774
2	0.2	1.25	0.125	4	23	23	63.40308989	326	40	2127815
2	1.8	0.625	0.0625	4	0	0	0	0	0	4
2	1.7	0.625	0.0625	4	0	0	0	0	0	4
2	1.6	0.625	0.0625	4	1	1	3.793986107	80	0	307
2	1.5	0.625	0.0625	4	1	1	5.637440978	280	0	467
2	1.4	0.625	0.0625	4	2	2	8.725413535	223	240	1798
2	1.3	0.625	0.0625	4	3	3	11.87738279	259	130	5207
2	1.2	0.625	0.0625	4	3	3	14.58796384	301	0	6475
2	1.1	0.625	0.0625	4	4	4	18.0811825	252	0	13592
2	1	0.625	0.0625	4	5	5	21.7146859	104	110	25827
2	0.9	0.625	0.0625	4	6	6	25.54088458	177	10	46872
2	0.8	0.625	0.0625	4	8	8	29.80002268	208	10	102937
2	0.7	0.625	0.0625	4	9	9	34.05119048	206	650	154485
2	0.6	0.625	0.0625	4	11	11	38.79206134	564	10	280033
2	0.5	0.625	0.0625	4	14	14	43.83560462	260	20	562176
2	0.4	0.625	0.0625	4	17	17	49.22948924	308	30	1005593
2	0.3	0.625	0.0625	4	21	21	55.1264679	1411	600	1880828
2	0.2	0.625	0.0625	4	26	26	61.71395143	379	60	3550102
2	1.8	40	2	4	13	13	9.229769678	219	1410	39565
2	1.7	40	2	4	14	14	14.88797121	28	100	54336
2	1.6	40	2	4	15	15	20.95725993	21	30	69780
2	1.5	40	2	4	16	16	27.37040915	24	20	83672
2	1.4	40	2	4	17	17	34.08312055	72	350	101372
2	1.3	40	2	4	18	18	41.06699613	29	30	120436
2	1.2	40	2	4	18	18	48.31874164	29	30	129774
2	1.1	40	2	4	19	19	55.84635355	42	110	147662
2	1	40	2	4	20	20	63.61469977	35	40	174627
2	0.9	40	2	4	20	20	71.63818006	60	210	194838
2	0.8	40	2	4	21	21	79.94273383	38	40	229306
2	0.7	40	2	4	22	22	88.50714424	46	80	253187
2	0.6	40	2	4	23	23	97.35182998	44	50	298344
2	0.5	40	2	4	23	23	106.5052056	46	60	326167
2	0.4	40	2	4	24	24	116.0142564	66	170	388453
2	0.3	40	2	4	26	26	125.9305618	86	280	491334
2	0.2	40	2	4	27	27	136.3314125	95	310	601050
2	1.8	20	1	4	12	12	8.758805963	14	20	43672
2	1.7	20	1	4	14	14	14.2687126	19	90	67475
2	1.6	20	1	4	15	15	20.20165202	21	20	94231
2	1.5	20	1	4	16	16	26.49067929	24	30	113749
2	1.4	20	1	4	16	16	33.09090837	23	30	129155
2	1.3	20	1	4	17	17	40.01819719	26	30	164900
2	1.2	20	1	4	18	18	47.22400692	29	30	194437
2	1.1	20	1	4	19	19	54.70048593	32	40	236140
2	1	20	1	4	20	20	62.44348108	35	40	279787
2	0.9	20	1	4	20	20	70.46245729	54	170	314388
2	0.8	20	1	4	21	21	78.77424715	38	40	371222
2	0.7	20	1	4	22	22	87.37322634	41	40	440964
2	0.6	20	1	4	23	23	96.27649034	44	50	534280
2	0.5	20	1	4	24	24	105.5120705	68	200	629390
2	0.4	20	1	4	25	25	115.1182593	57	90	759148
2	0.3	20	1	4	27	27	125.1524851	88	260	958945
2	0.2	20	1	4	28	28	135.7234591	63	70	1178294
2	1.8	10	0.5	4	11	11	8.1573255	13	20	40932
2	1.7	10	0.5	4	12	12	13.43084008	14	10	62102
2	1.6	10	0.5	4	13	13	19.17068968	17	60	87626
2	1.5	10	0.5	4	14	14	25.30633989	90	510	117771
2	1.4	10	0.5	4	15	15	31.80157492	28	70	155013
2	1.3	10	0.5	4	16	16	38.62103535	23	20	203056
2	1.2	10	0.5	4	17	17	45.75201923	26	30	255562
2	1.1	10	0.5	4	18	18	53.17786578	32	50	313385
2	1	10	0.5	4	19	19	60.89864437	32	30	391423
2	0.9	10	0.5	4	20	20	68.91386947	35	30	473859
2	0.8	10	0.5	4	21	21	77.23058615	38	40	577233
2	0.7	10	0.5	4	22	22	85.8609621	41	40	699978
2	0.6	10	0.5	4	23	23	94.82124664	89	350	843382
2	0.5	10	0.5	4	25	25	104.1657335	67	160	1104580
2	0.4	10	0.5	4	26	26	113.8983227	69	160	1335052
2	0.3	10	0.5	4	28	28	124.1098989	68	100	1742520
2	0.2	10	0.5	4	30	30	134.9020622	71	70	2272872
2	1.8	5	0.25	4	9	9	7.390964374	42	240	27367
2	1.7	5	0.25	4	10	10	12.3827067	11	10	45383
2	1.6	5	0.25	4	11	11	17.87200206	13	20	69483
2	1.5	5	0.25	4	13	13	23.89456936	17	20	125395
2	1.4	5	0.25	4	14	14	30.21339521	19	20	169955
2	1.3	5	0.25	4	15	15	36.88460129	50	220	224867
2	1.2	5	0.25	4	16	16	43.88793783	23	20	296808
2	1.1	5	0.25	4	17	17	51.21579908	27	30	375291
2	1	5	0.25	4	19	19	58.92158422	35	60	545412
2	0.9	5	0.25	4	20	20	66.89976216	117	620	673197
2	0.8	5	0.25	4	21	21	75.2083678	166	940	828802
2	0.7	5	0.25	4	22	22	83.85577871	73	260	1007490
2	0.6	5	0.25	4	24	24	92.91414967	63	150	1352816
2	0.5	5	0.25	4	26	26	102.3578241	55	70	1779234
2	0.4	5	0.25	4	28	28	112.2495569	94	270	2309210
2	0.3	5	0.25	4	30	30	122.6704922	86	180	2984575
2	0.2	5	0.25	4	33	33	133.7591277	111	260	4155356
2	1.8	2.5	0.125	4	6	6	6.356228511	12	50	9489
2	1.7	2.5	0.125	4	7	7	10.99584988	6	10	19914
2	1.6	2.5	0.125	4	9	9	16.34618774	9	10	45738
2	1.5	2.5	0.125	4	10	10	22.02010966	21	90	73280
2	1.4	2.5	0.125	4	12	12	28.22889442	88	520	135688
2	1.3	2.5	0.125	4	13	13	34.69903695	46	220	191597
2	1.2	2.5	0.125	4	14	14	41.5196789	19	20	261082
2	1.1	2.5	0.125	4	16	16	48.79458606	27	50	408768
2	1	2.5	0.125	4	17	17	56.31819383	49	190	527759
2	0.9	2.5	0.125	4	19	19	64.27557818	32	40	763008
2	0.8	2.5	0.125	4	21	21	72.57966076	69	250	1076469
2	0.7	2.5	0.125	4	22	22	81.21318656	70	240	1314507
2	0.6	2.5	0.125	4	25	25	90.34868216	118	510	1952548
2	0.5	2.5	0.125	4	27	27	99.89283445	72	140	2570201
2	0.4	2.5	0.125	4	30	30	109.9643354	109	320	3616283
2	0.3	2.5	0.125	4	33	33	120.6427108	123	340	4984047
2	0.2	2.5	0.125	4	38	38	132.114026	162	550	7776471
2	1.8	1.25	0.0625	4	3	3	4.843027041	10	60	1685
2	1.7	1.25	0.0625	4	4	4	9.113944188	35	250	5173
2	1.6	1.25	0.0625	4	5	5	13.97088705	26	170	11592
2	1.5	1.25	0.0625	4	7	7	19.68294254	27	190	31563
2	1.4	1.25	0.0625	4	8	8	25.4833155	49	340	52421
2	1.3	1.25	0.0625	4	10	10	31.96312363	40	210	110347
2	1.2	1.25	0.0625	4	11	11	38.53227378	12	20	161201
2	1.1	1.25	0.0625	4	13	13	45.68305806	44	220	276343
2	1	1.25	0.0625	4	15	15	53.15374472	38	120	445558
2	0.9	1.25	0.0625	4	17	17	60.97715025	26	30	678089
2	0.8	1.25	0.0625	4	19	19	69.17031771	34	50	988784
2	0.7	1.25	0.0625	4	22	22	77.84668756	46	80	1564986
2	0.6	1.25	0.0625	4	24	24	86.9025858	76	230	2123087
2	0.5	1.25	0.0625	4	28	28	96.56692975	89	250	3395457
2	0.4	1.25	0.0625	4	32	32	106.8002471	81	80	5166647
2	0.3	1.25	0.0625	4	37	37	117.768102	137	340	8091468
2	0.2	1.25	0.0625	4	44	44	129.6864826	189	480	13782357
2	1.8	60	2	4	22	22	15.59599096	521	560	197895
2	1.7	60	2	4	23	23	24.72592773	1421	640	244216
2	1.6	60	2	4	24	24	34.35205085	368	50	288563
2	1.5	60	2	4	25	25	44.40660659	1660	640	346312
2	1.4	60	2	4	26	26	54.84129661	2054	60	399201
2	1.3	60	2	4	27	27	65.62507685	419	60	455063
2	1.2	60	2	4	28	28	76.73855877	383	60	510871
2	1.1	60	2	4	29	29	88.16793911	309	70	566831
2	1	60	2	4	30	30	99.90840734	390	70	630427
2	0.9	60	2	4	31	31	111.9616932	475	80	731515
2	0.8	60	2	4	31	31	124.3428601	396	80	775024
2	0.7	60	2	4	32	32	137.059712	440	80	888671
2	0.6	60	2	4	33	33	150.1253399	486	90	1011749
2	0.5	60	2	4	34	34	163.564397	490	90	1105104
2	0.4	60	2	4	36	36	177.422285	3066	670	1308491
2	0.3	60	2	4	37	37	191.7710021	429	110	1528290
2	0.2	60	2	4	39	39	206.7035802	1365	120	1914484
2	1.8	30	1	4	20	20	14.99827558	274	40	220408
2	1.7	30	1	4	22	22	23.93623383	320	40	306238
2	1.6	30	1	4	23	23	33.38810431	364	50	380137
2	1.5	30	1	4	25	25	43.31663772	372	50	479587
2	1.4	30	1	4	26	26	53.63616367	295	50	570999
2	1.3	30	1	4	27	27	64.32654703	319	60	658757
2	1.2	30	1	4	28	28	75.36825896	323	60	773069
2	1.1	30	1	4	29	29	86.74865093	427	60	879937
2	1	30	1	4	30	30	98.46744404	334	70	1001845
2	0.9	30	1	4	30	30	110.5070826	354	80	1081808
2	0.8	30	1	4	31	31	122.9099753	2059	80	1214543
2	0.7	30	1	4	33	33	135.6796024	348	90	1488904
2	0.6	30	1	4	34	34	148.8126562	332	90	1694663
2	0.5	30	1	4	35	35	162.3493945	495	90	1969387
2	0.4	30	1	4	36	36	176.328457	546	110	2244465
2	0.3	30	1	4	38	38	190.8384429	416	110	2680738
2	0.2	30	1	4	40	40	205.9811684	670	120	3274866
2	1.8	15	0.5	4	19	19	14.2390839	297	350	236391
2	1.7	15	0.5	4	20	20	22.87957688	234	30	316762
2	1.6	15	0.5	4	22	22	32.14199731	291	40	448326
2	1.5	15	0.5	4	23	23	41.85878542	294	40	547106
2	1.4	15	0.5	4	24	24	52.00848389	368	50	661675
2	1.3	15	0.5	4	26	26	62.61445212	334	50	853534
2	1.2	15	0.5	4	27	27	73.56032297	299	60	1012074
2	1.1	15	0.5	4	28	28	84.87453761	323	70	1187153
2	1	15	0.5	4	29	29	96.55225116	442	310	1383757
2	0.9	15	0.5	4	30	30	108.5921961	471	70	1595593
2	0.8	15	0.5	4	32	32	121.0319832	483	80	1973285
2	0.7	15	0.5	4	33	33	133.8370546	328	90	2248633
2	0.6	15	0.5	4	34	34	147.0427102	313	100	2595137
2	0.5	15	0.5	4	36	36	160.7093684	2629	710	3147817
2	0.4	15	0.5	4	38	38	174.8570547	597	110	3811147
2	0.3	15	0.5	4	40	40	189.5761833	444	120	4604748
2	0.2	15	0.5	4	43	43	204.997314	398	140	5952639
2	1.8	7.5	0.25	4	16	16	13.25422448	249	600	174788
2	1.7	7.5	0.25	4	18	18	21.57246397	209	30	285928
2	1.6	7.5	0.25	4	20	20	30.53274716	320	670	430242
2	1.5	7.5	0.25	4	21	21	39.99532241	288	690	549309
2	1.4	7.5	0.25	4	23	23	49.98453563	244	50	766698
2	1.3	7.5	0.25	4	24	24	60.36463368	438	350	938625
2	1.2	7.5	0.25	4	26	26	71.20922204	455	60	1240576
2	1.1	7.5	0.25	4	27	27	82.41689598	419	60	1465094
2	1	7.5	0.25	4	29	29	94.05577493	302	130	1885224
2	0.9	7.5	0.25	4	30	30	106.0657892	1557	810	2182977
2	0.8	7.5	0.25	4	32	32	118.5094217	392	240	2736568
2	0.7	7.5	0.25	4	33	33	131.3503466	304	90	3145662
2	0.6	7.5	0.25	4	35	35	144.6736085	413	90	3857063
2	0.5	7.5	0.25	4	37	37	158.4778208	405	100	4707912
2	0.4	7.5	0.25	4	40	40	172.8408687	1367	130	6053615
2	0.3	7.5	0.25	4	43	43	187.8360521	2992	250	7726990
2	0.2	7.5	0.25	4	46	46	203.625978	172	280	17532569
2	1.8	3.75	0.125	4	12	12	11.99620041	510	280	84370
2	1.7	3.75	0.125	4	14	14	19.87393054	269	20	160805
2	1.6	3.75	0.125	4	16	16	28.46484976	224	20	274348
2	1.5	3.75	0.125	4	18	18	37.64538343	236	200	430347
2	1.4	3.75	0.125	4	20	20	47.35311596	335	40	640724
2	1.3	3.75	0.125	4	22	22	57.53519027	391	40	906264
2	1.2	3.75	0.125	4	23	23	68.09892359	394	40	1109855
2	1.1	3.75	0.125	4	25	25	79.19062996	213	50	1497725
2	1	3.75	0.125	4	27	27	90.7156436	379	60	1968695
2	0.9	3.75	0.125	4	29	29	102.6825862	420	780	2520768
2	0.8	3.75	0.125	4	31	31	115.0981096	2575	690	3194218
2	0.7	3.75	0.125	4	34	34	128.0272704	378	410	4302682
2	0.6	3.75	0.125	4	36	36	141.426551	282	100	5289160
2	0.5	3.75	0.125	4	39	39	155.4075706	957	130	6902716
2	0.4	3.75	0.125	4	42	42	170.0066185	3310	1430	8893911
2	0.3	3.75	0.125	4	47	47	185.3642277	448	170	12635220
2	0.2	3.75	0.125	4	52	52	201.6475404	898	200	17677840
2	1.8	1.875	0.0625	4	7	7	10.14317747	401	290	18583
2	1.7	1.875	0.0625	4	9	9	17.49784377	209	10	48840
2	1.6	1.875	0.0625	4	11	11	25.68060551	262	20	105605
2	1.5	1.875	0.0625	4	13	13	34.49484022	220	70	190527
2	1.4	1.875	0.0625	4	16	16	44.06322419	223	20	386396
2	1.3	1.875	0.0625	4	18	18	53.929946	188	30	593261
2	1.2	1.875	0.0625	4	20	20	64.28471561	274	30	866311
2	1.1	1.875	0.0625	4	22	22	75.11002301	162	40	1225274
2	1	1.875	0.0625	4	25	25	86.5046164	1520	700	1855666
2	0.9	1.875	0.0625	4	27	27	98.28324707	299	60	2436861
2	0.8	1.875	0.0625	4	30	30	110.6492849	371	80	3435891
2	0.7	1.875	0.0625	4	33	33	123.5263924	535	90	4715027
2	0.6	1.875	0.0625	4	37	37	137.0240249	240	430	6763722
2	0.5	1.875	0.0625	4	41	41	151.1524849	188	510	9380673
2	0.4	1.875	0.0625	4	46	46	166.0304221	152	170	16087919
2	0.3	1.875	0.0625	4	52	52	181.79842	205	230	19826040
2	0.2	1.875	0.0625	4	60	60	198.7087794	359	390	31065803
2	1.8	80	2	4	30	30	22.21560303	516	290	586479
2	1.7	80	2	4	32	32	34.89793912	2281	660	724148
2	1.6	80	2	4	33	33	48.15412108	313	450	809727
2	1.5	80	2	4	35	35	61.92132721	546	90	943728
2	1.4	80	2	4	36	36	76.12198441	501	100	1097109
2	1.3	80	2	4	37	37	90.7264448	607	110	1182722
2	1.2	80	2	4	38	38	105.7123565	611	110	1366867
2	1.1	80	2	4	39	39	121.0676973	1567	120	1482571
2	1	80	2	4	40	40	136.7874443	708	640	1624195
2	0.9	80	2	4	41	41	152.8727509	626	340	1848708
2	0.8	80	2	4	42	42	169.3285502	3538	1390	2020391
2	0.7	80	2	4	43	43	186.1676922	620	140	2222102
2	0.6	80	2	4	44	44	203.4108824	586	150	2445409
2	0.5	80	2	4	45	45	221.0864742	628	700	2661040
2	0.4	80	2	4	46	46	239.235086	1763	170	3053024
2	0.3	80	2	4	48	48	257.9492027	3827	1390	3529309
2	0.2	80	2	4	50	50	277.333432	571	200	4223741
2	1.8	40	1	4	29	29	21.53259308	518	80	697247
2	1.7	40	1	4	31	31	33.97593158	475	80	891320
2	1.6	40	1	4	32	32	47.03438472	530	80	1036367
2	1.5	40	1	4	34	34	60.64696905	539	90	1308574
2	1.4	40	1	4	35	35	74.71328381	545	100	1463538
2	1.3	40	1	4	36	36	89.20980372	3185	730	1700202
2	1.2	40	1	4	37	37	104.1140888	606	100	1895915
2	1.1	40	1	4	38	38	119.4142745	560	190	2095561
2	1	40	1	4	40	40	135.1206196	3155	1210	2464812
2	0.9	40	1	4	41	41	151.2072642	571	130	2793806
2	0.8	40	1	4	42	42	167.6888308	1138	140	3028919
2	0.7	40	1	4	43	43	184.5779589	490	150	3395205
2	0.6	40	1	4	44	44	201.8935557	693	140	3751554
2	0.5	40	1	4	46	46	219.6862865	1208	160	4374557
2	0.4	40	1	4	47	47	237.9841111	3824	1420	4901524
2	0.3	40	1	4	49	49	256.8840959	703	190	5676952
2	0.2	40	1	4	52	52	276.5131698	3945	830	6838478
2	1.8	20	0.5	4	27	27	20.62556261	408	50	725788
2	1.7	20	0.5	4	29	29	32.75650648	416	60	1006439
2	1.6	20	0.5	4	31	31	45.57497043	427	210	1288686
2	1.5	20	0.5	4	32	32	58.94435293	480	90	1517849
2	1.4	20	0.5	4	34	34	72.85279495	414	540	1874325
2	1.3	20	0.5	4	35	35	87.20526597	546	90	2172564
2	1.2	20	0.5	4	36	36	101.9903569	499	100	2484146
2	1.1	20	0.5	4	38	38	117.2508803	609	110	2958083
2	1	20	0.5	4	39	39	132.8980448	565	120	3346789
2	0.9	20	0.5	4	41	41	148.9858847	627	120	3919501
2	0.8	20	0.5	4	42	42	165.4919126	632	130	4400500
2	0.7	20	0.5	4	43	43	182.4297519	738	140	4895989
2	0.6	20	0.5	4	45	45	199.8691921	430	150	5699341
2	0.5	20	0.5	4	47	47	217.8038634	641	170	6660925
2	0.4	20	0.5	4	49	49	236.2992324	729	620	7734300
2	0.3	20	0.5	4	51	51	255.4428157	572	200	9027310
2	0.2	20	0.5	4	54	54	275.3929115	2843	350	11099237
2	1.8	10	0.25	4	23	23	19.43798598	45	60	575935
2	1.7	10	0.25	4	26	26	31.18692176	52	50	915796
2	1.6	10	0.25	4	28	28	43.65873807	59	60	1259828
2	1.5	10	0.25	4	30	30	56.76337434	68	80	1643426
2	1.4	10	0.25	4	32	32	70.42694574	76	70	2108462
2	1.3	10	0.25	4	33	33	84.56151263	80	80	2442790
2	1.2	10	0.25	4	35	35	99.23805605	89	90	2999787
2	1.1	10	0.25	4	37	37	114.376773	98	100	3666973
2	1	10	0.25	4	39	39	129.9738639	109	110	4438662
2	0.9	10	0.25	4	40	40	146.0087499	114	110	4970401
2	0.8	10	0.25	4	42	42	162.5485008	125	130	5894318
2	0.7	10	0.25	4	44	44	179.5750044	136	140	6959590
2	0.6	10	0.25	4	46	46	197.1209151	148	150	8179380
2	0.5	10	0.25	4	49	49	215.2413823	166	170	16755806
2	0.4	10	0.25	4	51	51	233.9784829	180	180	11730892
2	0.3	10	0.25	4	55	55	253.457504	207	210	14948421
2	0.2	10	0.25	4	59	59	273.8409592	237	240	19090141
2	1.8	5	0.125	4	18	18	17.93863954	544	1240	311585
2	1.7	5	0.125	4	21	21	29.15791267	158	40	579881
2	1.6	5	0.125	4	24	24	41.22144078	168	50	959695
2	1.5	5	0.125	4	26	26	53.91711725	108	110	1319566
2	1.4	5	0.125	4	28	28	67.23023349	110	120	1763052
2	1.3	5	0.125	4	31	31	81.18780687	177	80	2490199
2	1.2	5	0.125	4	33	33	95.61495082	180	690	3133786
2	1.1	5	0.125	4	35	35	110.5656516	150	150	3917311
2	1	5	0.125	4	37	37	126.029385	185	250	4801028
2	0.9	5	0.125	4	40	40	142.0543263	363	120	6174264
2	0.8	5	0.125	4	42	42	158.5707827	315	140	7388349
2	0.7	5	0.125	4	45	45	175.667764	214	610	9301018
2	0.6	5	0.125	4	48	48	193.3477595	220	220	11536822
2	0.5	5	0.125	4	51	51	211.669771	454	200	14215268
2	0.4	5	0.125	4	55	55	230.7212927	1157	2100	18193267
2	0.3	5	0.125	4	59	59	250.6223447	1372	1380	23180407
2	0.2	5	0.125	4	65	65	271.5852786	2305	1740	31942833
2	1.8	2.5	0.0625	4	12	12	15.8781688	410	480	96099
2	1.7	2.5	0.0625	4	15	15	26.4972438	221	30	232909
2	1.6	2.5	0.0625	4	18	18	38.0525228	1123	360	461064
2	1.5	2.5	0.0625	4	21	21	50.36334686	278	40	798315
2	1.4	2.5	0.0625	4	24	24	63.32221894	287	50	1281790
2	1.3	2.5	0.0625	4	26	26	76.78881238	216	50	1740213
2	1.2	2.5	0.0625	4	29	29	90.93807607	360	70	2513030
2	1.1	2.5	0.0625	4	32	32	105.6475485	315	80	3513097
2	1	2.5	0.0625	4	35	35	120.9207254	358	100	4757832
2	0.9	2.5	0.0625	4	38	38	136.7708305	555	120	6273553
2	0.8	2.5	0.0625	4	41	41	153.2143771	350	130	12093619
2	0.7	2.5	0.0625	4	45	45	170.3339671	3000	2060	10933155
2	0.6	2.5	0.0625	4	49	49	188.1208763	2635	870	14437900
2	0.5	2.5	0.0625	4	53	53	206.6537706	535	230	18776680
2	0.4	2.5	0.0625	4	59	59	226.0766313	386	360	26264049
2	0.3	2.5	0.0625	4	66	66	246.5108218	5260	1610	37394387
2	0.2	2.5	0.0625	4	75	75	268.2440074	935	1000	56105380
2	1.8	100	2	4	39	39	29.00682236	333	2240	1297622
2	1.7	100	2	4	41	41	45.28772762	123	130	1601641
2	1.6	100	2	4	43	43	62.23006214	134	140	1823540
2	1.5	100	2	4	44	44	79.73203019	140	140	2003080
2	1.4	100	2	4	45	45	97.72107264	147	170	2338037
2	1.3	100	2	4	46	46	116.1630017	152	150	2542863
2	1.2	100	2	4	47	47	135.034002	158	160	2825155
2	1.1	100	2	4	49	49	154.3370552	171	170	3148139
2	1	100	2	4	50	50	174.038801	179	210	3450212
2	0.9	100	2	4	51	51	194.1486713	214	520	3816541
2	0.8	100	2	4	52	52	214.6712496	189	190	4101600
2	0.7	100	2	4	53	53	235.6193877	217	400	4369451
2	0.6	100	2	4	54	54	257.0136556	204	200	4801862
2	0.5	100	2	4	56	56	278.8967528	231	330	5286306
2	0.4	100	2	4	57	57	301.3140103	229	250	5906293
2	0.3	100	2	4	59	59	324.3453843	241	240	6644460
2	0.2	100	2	4	61	61	348.1250519	286	540	7658905
2	1.8	50	1	4	38	38	28.23100817	106	110	1637522
2	1.7	50	1	4	40	40	44.24870067	154	510	2044299
2	1.6	50	1	4	41	41	60.95850388	312	2000	2303989
2	1.5	50	1	4	43	43	78.29307003	138	180	2771296
2	1.4	50	1	4	44	44	96.12660034	367	2410	3075606
2	1.3	50	1	4	46	46	114.4757057	154	180	3569026
2	1.2	50	1	4	47	47	133.2670568	177	370	3960898
2	1.1	50	1	4	48	48	152.4964266	187	410	4276031
2	1	50	1	4	50	50	172.1732515	176	180	4858366
2	0.9	50	1	4	51	51	192.2859444	187	230	5317320
2	0.8	50	1	4	52	52	212.8346327	189	190	5767643
2	0.7	50	1	4	53	53	233.8333554	207	280	6283369
2	0.6	50	1	4	55	55	255.3355316	308	1180	7154956
2	0.5	50	1	4	56	56	277.3345074	220	220	7884278
2	0.4	50	1	4	58	58	299.9231943	236	270	8815082
2	0.3	50	1	4	60	60	323.1648373	266	410	10012899
2	0.2	50	1	4	63	63	347.2212349	302	560	11815715
2	1.8	25	0.5	4	35	35	27.20182612	97	170	1693710
2	1.7	25	0.5	4	37	37	42.85213325	101	100	2206145
2	1.6	25	0.5	4	40	40	59.31162292	116	110	2880808
2	1.5	25	0.5	4	41	41	76.37220799	122	130	3283805
2	1.4	25	0.5	4	43	43	94.03818218	146	250	3900020
2	1.3	25	0.5	4	45	45	112.2246202	163	300	4569510
2	1.2	25	0.5	4	46	46	130.8916976	153	160	5085359
2	1.1	25	0.5	4	48	48	150.0601814	175	270	5866027
2	1	25	0.5	4	49	49	169.6823704	171	180	6499665
2	0.9	25	0.5	4	51	51	189.7960508	311	470	7369567
2	0.8	25	0.5	4	52	52	210.3706678	192	200	8137600
2	0.7	25	0.5	4	54	54	231.4637187	207	220	9254528
2	0.6	25	0.5	4	56	56	253.0740488	233	340	10423605
2	0.5	25	0.5	4	58	58	275.2480985	241	320	11839650
2	0.4	25	0.5	4	60	60	298.0481256	251	250	13434293
2	0.3	25	0.5	4	63	63	321.5729349	278	290	15886107
2	0.2	25	0.5	4	66	66	345.9876239	509	2270	18978010
2	1.8	12.5	0.25	4	31	31	25.8680519	74	90	1476825
2	1.7	12.5	0.25	4	34	34	41.08164341	87	90	2135741
2	1.6	12.5	0.25	4	36	36	57.11218699	177	320	2724690
2	1.5	12.5	0.25	4	39	39	73.90816887	123	210	3605122
2	1.4	12.5	0.25	4	41	41	91.29599716	127	160	4396967
2	1.3	12.5	0.25	4	43	43	109.2631207	177	580	5225714
2	1.2	12.5	0.25	4	45	45	127.7777499	145	150	6180842
2	1.1	12.5	0.25	4	47	47	146.8222107	167	240	7284386
2	1	12.5	0.25	4	49	49	166.3859869	193	400	8433812
2	0.9	12.5	0.25	4	50	50	186.4405207	226	670	9336032
2	0.8	12.5	0.25	4	53	53	207.0885751	311	650	11226394
2	0.7	12.5	0.25	4	55	55	228.2551195	229	380	12844583
2	0.6	12.5	0.25	4	57	57	250.0035237	231	240	14683066
2	0.5	12.5	0.25	4	60	60	272.3907229	382	1210	17430820
2	0.4	12.5	0.25	4	63	63	295.473519	343	920	20612986
2	0.3	12.5	0.25	4	66	66	319.3665575	971	700	24504747
2	0.2	12.5	0.25	4	71	71	344.2699886	610	2050	31273293
2	1.8	6.25	0.125	4	25	25	24.15449702	99	480	895419
2	1.7	6.25	0.125	4	29	29	38.79552098	65	70	1577121
2	1.6	6.25	0.125	4	32	32	54.34157761	86	160	2299355
2	1.5	6.25	0.125	4	35	35	70.68430376	94	120	3192825
2	1.4	6.25	0.125	4	37	37	87.67362906	102	110	3994236
2	1.3	6.25	0.125	4	40	40	105.3672331	134	280	5217679
2	1.2	6.25	0.125	4	42	42	123.612715	130	130	6294467
2	1.1	6.25	0.125	4	45	45	142.4985014	222	910	7961407
2	1	6.25	0.125	4	47	47	161.919365	166	240	17094933
2	0.9	6.25	0.125	4	50	50	181.9638636	260	1000	11538315
2	0.8	6.25	0.125	4	53	53	202.597049	407	1610	15055568
2	0.7	6.25	0.125	4	56	56	223.8484675	328	940	16918723
2	0.6	6.25	0.125	4	59	59	245.7594895	288	630	21978104
2	0.5	6.25	0.125	4	62	62	268.3853794	1233	750	24170341
2	0.4	6.25	0.125	4	67	67	291.8394419	521	2390	30969517
2	0.3	6.25	0.125	4	72	72	316.2252501	576	2520	39422944
2	0.2	6.25	0.125	4	78	78	341.7824344	445	620	51827960
2	1.8	3.125	0.0625	4	18	18	21.92879686	134	670	351872
2	1.7	3.125	0.0625	4	22	22	35.86514013	70	210	759359
2	1.6	3.125	0.0625	4	25	25	50.74007356	88	270	1243318
2	1.5	3.125	0.0625	4	29	29	66.592024	98	290	2087924
2	1.4	3.125	0.0625	4	32	32	83.10498435	121	360	2981258
2	1.3	3.125	0.0625	4	35	35	100.325363	335	1770	4087195
2	1.2	3.125	0.0625	4	38	38	118.2203472	119	160	5448021
2	1.1	3.125	0.0625	4	41	41	136.7693589	158	340	7098403
2	1	3.125	0.0625	4	45	45	156.0295564	154	160	14403996
2	0.9	3.125	0.0625	4	48	48	175.8918955	179	230	12017466
2	0.8	3.125	0.0625	4	52	52	196.4776259	234	440	22606089
2	0.7	3.125	0.0625	4	56	56	217.7699455	230	240	22698870
2	0.6	3.125	0.0625	4	60	60	239.8247535	479	1780	25103415
2	0.5	3.125	0.0625	4	66	66	262.7587881	331	430	33912439
2	0.4	3.125	0.0625	4	72	72	286.6346704	753	3020	44880752
2	0.3	3.125	0.0625	4	79	79	311.6436323	829	3090	60508620
2	0.2	3.125	0.0625	4	89	89	338.0935561	638	1620	88709077
