r	c	alpha	beta	Q_E_bar	Q_E	Pi_E	Time_E	CPUTime_E	Comp_E
2	1.8	20	2	6	5	3.284863386	3965	45740	2326
2	1.7	20	2	7	6	5.631695836	3572	42850	2305
2	1.6	20	2	8	7	8.26067487	3618	43420	2354
2	1.5	20	2	8	7	11.10983495	3854	46230	2422
2	1.4	20	2	9	8	14.19195375	3919	47020	2474
2	1.3	20	2	9	8	17.44746816	3918	47030	2467
2	1.2	20	2	10	9	20.91596302	3975	47680	2480
2	1.1	20	2	10	9	24.55154165	4080	48960	2551
2	1	20	2	11	10	28.37536286	4664	53610	2533
2	0.9	20	2	11	10	32.37751374	4144	49720	2565
2	0.8	20	2	12	11	36.57243002	4194	50310	2604
2	0.7	20	2	12	11	40.94239779	4372	52440	2636
2	0.6	20	2	13	12	45.53744409	4240	50880	2608
2	0.5	20	2	13	12	50.33131411	4357	52240	2660
2	0.4	20	2	14	13	55.40344856	4443	53290	2672
2	0.3	20	2	15	14	60.75061113	4903	56800	2684
2	0.2	20	2	16	15	66.45421424	4638	55630	2750
2	1.8	10	1	6	5	2.88586525	7008	84070	3512
2	1.7	10	1	7	6	5.09304206	8123	97350	3990
2	1.6	10	1	8	7	7.592136082	8257	98940	4006
2	1.5	10	1	8	7	10.37318937	7912	93000	3767
2	1.4	10	1	9	8	13.36937476	8784	105070	4232
2	1.3	10	1	9	8	16.59362731	7517	90160	3747
2	1.2	10	1	10	9	20.02483043	8657	103740	4163
2	1.1	10	1	10	9	23.62967394	8275	97340	3854
2	1	10	1	11	10	27.45002563	8789	105430	4236
2	0.9	10	1	11	10	31.45013043	8070	96680	3943
2	0.8	10	1	12	11	35.6737726	8132	96570	3900
2	0.7	10	1	12	12	40.07117928	8125	96390	3931
2	0.6	10	1	13	12	44.71289841	8239	98550	3975
2	0.5	10	1	14	13	49.58326779	8200	98240	3998
2	0.4	10	1	15	14	54.71596212	8967	105690	4119
2	0.3	10	1	16	15	60.16209938	8397	100720	4125
2	0.2	10	1	17	16	65.99705163	8449	101360	4207
2	1.8	5	0.5	7	4	2.32067516	20770	247150	7383
2	1.7	5	0.5	8	5	4.317658401	20512	245670	7420
2	1.6	5	0.5	9	6	6.680156301	22786	271130	8084
2	1.5	5	0.5	9	7	9.333564799	21441	255310	7608
2	1.4	5	0.5	10	7	12.22698169	21074	252420	7670
2	1.3	5	0.5	10	8	15.39072677	21222	252540	7675
2	1.2	5	0.5	11	9	18.77045854	20808	247550	7571
2	1.1	5	0.5	12	9	22.35692934	20416	244730	7541
2	1	5	0.5	12	10	26.18197414	21199	252110	7560
2	0.9	5	0.5	13	11	30.18766332	20325	241800	7406
2	0.8	5	0.5	13	11	34.42951575	18713	224460	6969
2	0.7	5	0.5	14	12	38.89743883	20561	244420	7388
2	0.6	5	0.5	14	13	43.58714112	18595	222340	6961
2	0.5	5	0.5	15	14	48.5405928	18564	221380	6966
2	0.4	5	0.5	16	15	53.78161027	18625	221360	6988
2	0.3	5	0.5	17	16	59.36633285	17028	203990	6625
2	0.2	5	0.5	18	18	65.3688517	17299	205480	6728
2	1.8	2.5	0.25	7	3	1.594813217	55300	660780	14985
2	1.7	2.5	0.25	9	5	3.312546003	59834	713640	16150
2	1.6	2.5	0.25	10	5	5.453071491	61122	728810	16542
2	1.5	2.5	0.25	11	6	7.932113499	61451	732730	16619
2	1.4	2.5	0.25	12	7	10.72101103	61964	738950	16793
2	1.3	2.5	0.25	12	8	13.78472013	61509	733470	16792
2	1.2	2.5	0.25	13	9	17.07999867	60286	718920	16475
2	1.1	2.5	0.25	14	9	20.65348702	58918	702250	16291
2	1	2.5	0.25	14	10	24.45754711	54295	647730	15191
2	0.9	2.5	0.25	15	11	28.48837612	56645	676880	15900
2	0.8	2.5	0.25	16	12	32.7602637	56230	670220	15772
2	0.7	2.5	0.25	16	13	37.27072691	52157	621270	14711
2	0.6	2.5	0.25	17	14	42.05224083	50355	601830	14502
2	0.5	2.5	0.25	18	15	47.12425244	46735	556380	13526
2	0.4	2.5	0.25	19	16	52.50218058	44940	536510	13377
2	0.3	2.5	0.25	20	18	58.26036041	41264	492780	12539
2	0.2	2.5	0.25	22	20	64.49813401	40714	483980	12563
2	1.8	1.25	0.125	8	2	0.834824632	144471	1724350	29988
2	1.7	1.25	0.125	11	3	2.178739882	164908	1967240	34823
2	1.6	1.25	0.125	12	4	3.993157364	177567	2116890	37879
2	1.5	1.25	0.125	14	5	6.228113899	190088	2267100	40658
2	1.4	1.25	0.125	15	6	8.830705759	189588	2260770	40705
2	1.3	1.25	0.125	16	7	11.74535459	189514	2260330	40872
2	1.2	1.25	0.125	17	8	14.95122888	198644	2367860	43001
2	1.1	1.25	0.125	18	9	18.44514906	194132	2315560	42438
2	1	1.25	0.125	19	10	22.2041889	190692	2274830	41919
2	0.9	1.25	0.125	20	11	26.23298019	187967	2241880	41397
2	0.8	1.25	0.125	21	12	30.53256504	174503	2081910	38718
2	0.7	1.25	0.125	22	13	35.08966212	169475	2019630	38000
2	0.6	1.25	0.125	23	15	39.96560851	161948	1931820	36977
2	0.5	1.25	0.125	24	16	45.15701977	146889	1752860	34144
2	0.4	1.25	0.125	26	18	50.70822454	139211	1659460	32961
2	0.3	1.25	0.125	27	20	56.68749095	120141	1432890	29332
2	0.2	1.25	0.125	30	24	63.22405853	106820	1272510	26776
2	1.8	0.625	0.0625	11	1	0.1732699384	408055	4866440	68786
2	1.7	0.625	0.0625	14	2	1.087933009	497320	5931020	86741
2	1.6	0.625	0.0625	17	3	2.531978585	590993	7047460	100797
2	1.5	0.625	0.0625	20	4	4.447337281	678881	8095570	116387
2	1.4	0.625	0.0625	22	5	6.762701601	727906	8681320	125529
2	1.3	0.625	0.0625	24	6	9.452779563	765656	9131840	132006
2	1.2	0.625	0.0625	26	7	12.48239791	811926	9684680	140212
2	1.1	0.625	0.0625	27	8	15.81324714	817762	9752480	142179
2	1	0.625	0.0625	29	9	19.46317331	826103	9851220	144276
2	0.9	0.625	0.0625	30	11	23.39803427	808564	9640710	142582
2	0.8	0.625	0.0625	32	12	27.67121833	787299	9391640	139782
2	0.7	0.625	0.0625	33	14	32.25613119	748042	8921720	134927
2	0.6	0.625	0.0625	35	15	37.1768139	708957	8456100	129973
2	0.5	0.625	0.0625	37	17	42.46169182	623944	7440340	118271
2	0.4	0.625	0.0625	39	20	48.18134467	575802	6867610	110508
2	0.3	0.625	0.0625	42	24	54.40025241	535696	6387080	105298
2	0.2	0.625	0.0625	47	29	61.30346891	560606	6681050	110025
2	1.8	40	2	15	13	9.086426775	11641	125800	4506
2	1.7	40	2	16	15	14.71960637	11634	127820	4610
2	1.6	40	2	17	16	20.77091476	11677	128330	4620
2	1.5	40	2	17	16	27.17519926	10978	118750	4322
2	1.4	40	2	18	17	33.89938683	10508	115210	4347
2	1.3	40	2	19	18	40.89900657	10879	119460	4413
2	1.2	40	2	19	19	48.15303538	11444	123640	4432
2	1.1	40	2	20	19	55.70380758	11308	123990	4455
2	1	40	2	21	20	63.49852766	11146	122410	4527
2	0.9	40	2	21	21	71.53330094	11894	128610	4550
2	0.8	40	2	22	21	79.85643089	11661	128010	4618
2	0.7	40	2	23	22	88.44049638	11429	125560	4529
2	0.6	40	2	24	23	97.30459132	12372	132910	4698
2	0.5	40	2	24	24	106.4764303	25339	277410	4701
2	0.4	40	2	25	25	115.9945406	11857	130130	4710
2	0.3	40	2	27	26	125.9179949	11799	129330	4698
2	0.2	40	2	28	27	136.32465	27519	300920	4778
2	1.8	20	1	15	13	8.432504923	26647	291050	8110
2	1.7	20	1	17	14	13.86777741	28619	312670	8145
2	1.6	20	1	18	15	19.76772439	27350	298510	8252
2	1.5	20	1	18	16	26.05944316	24817	270730	7735
2	1.4	20	1	19	17	32.6800244	26929	298010	8342
2	1.3	20	1	20	18	39.6111918	26839	292860	8356
2	1.2	20	1	20	18	46.84030691	25348	276650	7749
2	1.1	20	1	21	19	54.37043168	24354	265240	7676
2	1	20	1	22	20	62.16147435	24740	269890	7670
2	0.9	20	1	22	21	70.21820267	23601	259010	7649
2	0.8	20	1	23	22	78.56148377	25249	273520	7669
2	0.7	20	1	23	22	87.20126216	22832	250350	7172
2	0.6	20	1	24	23	96.14971483	22062	241440	7180
2	0.5	20	1	25	24	105.4205567	35755	390610	7231
2	0.4	20	1	26	25	115.0546223	21985	240970	7356
2	0.3	20	1	28	27	125.1204114	22367	242520	7447
2	0.2	20	1	29	28	135.7052689	23136	251080	7525
2	1.8	10	0.5	16	12	7.476922138	72597	795520	16397
2	1.7	10	0.5	18	13	12.61356573	76370	835440	17431
2	1.6	10	0.5	19	14	18.29652399	77938	850840	17720
2	1.5	10	0.5	20	16	24.42846129	80612	881480	17693
2	1.4	10	0.5	21	17	30.94177842	76578	835970	17498
2	1.3	10	0.5	22	18	37.79417915	74424	821510	17317
2	1.2	10	0.5	22	19	44.98205859	69012	754530	16311
2	1.1	10	0.5	23	19	52.48439919	66609	727990	15999
2	1	10	0.5	24	20	60.28800585	77446	845220	15759
2	0.9	10	0.5	24	21	68.38532322	60338	658720	14689
2	0.8	10	0.5	25	22	76.79532097	59712	653540	14640
2	0.7	10	0.5	26	23	85.5069501	59313	649300	14260
2	0.6	10	0.5	27	24	94.55707662	57114	622840	14119
2	0.5	10	0.5	27	25	103.9578376	48778	531760	12594
2	0.4	10	0.5	28	27	113.7589583	47704	523240	12564
2	0.3	10	0.5	30	28	124.0220535	47960	521430	12733
2	0.2	10	0.5	32	31	134.8615442	48587	532720	12853
2	1.8	5	0.25	18	10	6.172360571	221726	2423970	36121
2	1.7	5	0.25	20	12	10.90752276	221122	2418020	38759
2	1.6	5	0.25	22	14	16.28159075	234018	2558300	41132
2	1.5	5	0.25	23	15	22.18037483	251953	2755960	39448
2	1.4	5	0.25	24	16	28.53567485	270688	2960350	39136
2	1.3	5	0.25	25	17	35.28155425	217570	2379540	38831
2	1.2	5	0.25	26	18	42.39331302	230215	2518170	38010
2	1.1	5	0.25	27	19	49.86259641	227850	2490790	37386
2	1	5	0.25	27	20	57.67024058	181370	1983950	33281
2	0.9	5	0.25	28	22	65.82035662	233934	2557950	32654
2	0.8	5	0.25	29	23	74.30862915	191124	2087450	32054
2	0.7	5	0.25	30	24	83.13680179	172044	1887850	31102
2	0.6	5	0.25	31	25	92.3211386	150300	1642110	28929
2	0.5	5	0.25	32	27	101.9154876	139835	1526300	27081
2	0.4	5	0.25	33	29	111.942761	132618	1448870	25151
2	0.3	5	0.25	35	31	122.4835802	130380	1423420	24620
2	0.2	5	0.25	37	34	133.6688293	106950	1162800	23306
2	1.8	2.5	0.125	21	8	4.532647656	674122	7373310	85288
2	1.7	2.5	0.125	24	10	8.682358922	766667	8386460	96362
2	1.6	2.5	0.125	26	12	13.61249314	773186	8455410	99388
2	1.5	2.5	0.125	28	14	19.16357568	781001	8538600	104253
2	1.4	2.5	0.125	30	15	25.26499863	761958	8338600	103469
2	1.3	2.5	0.125	31	17	31.83125126	800086	8750380	102584
2	1.2	2.5	0.125	32	18	38.84480261	730387	7992290	101351
2	1.1	2.5	0.125	34	19	46.25284139	755649	8262620	99760
2	1	2.5	0.125	35	21	54.05754004	696851	7617050	97705
2	0.9	2.5	0.125	36	22	62.24898006	714425	7813020	92370
2	0.8	2.5	0.125	37	24	70.82164772	634790	6943050	86417
2	0.7	2.5	0.125	38	25	79.78006829	627007	6864240	83969
2	0.6	2.5	0.125	39	27	89.16346651	541540	5920910	75201
2	0.5	2.5	0.125	41	29	98.99229783	486187	5313380	72305
2	0.4	2.5	0.125	42	32	109.3241746	429799	4695330	63919
2	0.3	2.5	0.125	44	35	120.2416277	413636	4523350	58413
2	0.2	2.5	0.125	47	39	131.9057419	346592	3788250	51119
2	1.8	1.25	0.0625	26	6	2.712350648	2068830	22623320	218516
2	1.7	1.25	0.0625	31	8	6.075231934	2536080	27737480	267638
2	1.6	1.25	0.0625	35	10	10.358115	2880700	31500360	305236
2	1.5	1.25	0.0625	38	12	15.40892385	3126277	34214740	321321
2	1.4	1.25	0.0625	41	14	21.10585692	3281760	35894510	343448
2	1.3	1.25	0.0625	43	15	27.37669092	3239736	35430590	345618
2	1.2	1.25	0.0625	45	17	34.1718128	3403901	37222470	354336
2	1.1	1.25	0.0625	47	19	41.4483502	3201791	35003960	351999
2	1	1.25	0.0625	49	21	49.1810613	3308491	36185780	346532
2	0.9	1.25	0.0625	51	23	57.36851536	3120605	34047550	340762
2	0.8	1.25	0.0625	52	25	65.99885278	3049808	33354580	325153
2	0.7	1.25	0.0625	54	27	75.10906472	2727162	29816170	306909
2	0.6	1.25	0.0625	56	29	84.69102881	2697877	29503980	293903
2	0.5	1.25	0.0625	58	32	94.80509404	2298956	25145530	265193
2	0.4	1.25	0.0625	61	36	105.5160718	2031024	22209290	241196
2	0.3	1.25	0.0625	64	41	116.9281529	1768118	19337510	212559
2	0.2	1.25	0.0625	68	47	129.2474986	1455405	15897540	182894
2	1.8	60	2	24	22	15.40178472	25780	203500	6832
2	1.7	60	2	25	23	24.49336783	25934	205220	6707
2	1.6	60	2	26	25	34.11087038	25654	204270	6929
2	1.5	60	2	27	26	44.16319456	26193	207850	7070
2	1.4	60	2	28	27	54.59990015	26329	208730	7080
2	1.3	60	2	29	27	65.3965838	26954	213680	7081
2	1.2	60	2	29	28	76.53426381	23333	184610	6474
2	1.1	60	2	30	29	87.99492279	23770	188540	6493
2	1	60	2	31	30	99.7627601	24046	189520	6512
2	0.9	60	2	32	31	111.8425954	24010	189520	6589
2	0.8	60	2	32	32	124.2416846	24854	196550	6606
2	0.7	60	2	33	32	136.9735012	24850	196710	6623
2	0.6	60	2	34	33	150.0628726	25491	201740	6811
2	0.5	60	2	35	34	163.5193246	26053	205390	6810
2	0.4	60	2	37	36	177.3972077	25481	201110	6797
2	0.3	60	2	38	37	191.7548046	25886	204920	6907
2	0.2	60	2	40	39	206.6970418	26174	204990	6922
2	1.8	30	1	25	21	14.55626119	67688	537900	14156
2	1.7	30	1	26	23	23.40265803	65338	517430	13446
2	1.6	30	1	28	24	32.84109444	67842	539380	14123
2	1.5	30	1	29	25	42.75551254	63718	505230	13275
2	1.4	30	1	29	26	53.09174055	58209	462830	12420
2	1.3	30	1	30	27	63.82052023	57320	456200	12427
2	1.2	30	1	31	28	74.90515816	56479	448800	12322
2	1.1	30	1	32	29	86.34544182	55229	438900	12142
2	1	30	1	32	30	98.1227726	49665	393070	11149
2	0.9	30	1	33	31	110.232114	54786	432340	11923
2	0.8	30	1	34	32	122.6815037	53775	424270	11764
2	0.7	30	1	35	33	135.4925104	49426	389760	10929
2	0.6	30	1	35	34	148.6665426	46098	362750	10436
2	0.5	30	1	36	35	162.2433192	45305	355640	10419
2	0.4	30	1	38	37	176.2600886	51102	400650	11249
2	0.3	30	1	39	38	190.7973413	45850	359610	10656
2	0.2	30	1	41	40	205.962038	48074	376320	10883
2	1.8	15	0.5	26	20	13.31481572	178420	1412400	27827
2	1.7	15	0.5	28	22	21.80999788	186672	1478970	29320
2	1.6	15	0.5	30	23	30.97574971	188069	1489240	29308
2	1.5	15	0.5	31	25	40.70334814	187823	1481680	28981
2	1.4	15	0.5	32	26	50.92246439	187945	1483750	29082
2	1.3	15	0.5	33	27	61.55525945	172799	1367230	27059
2	1.2	15	0.5	33	28	72.59573724	158574	1252030	25356
2	1.1	15	0.5	34	29	84.01057654	150486	1190170	24842
2	1	15	0.5	35	30	95.8013858	148567	1170560	24363
2	0.9	15	0.5	36	32	107.958258	143971	1136670	23824
2	0.8	15	0.5	37	33	120.4939856	132565	1046720	22311
2	0.7	15	0.5	37	34	133.4074328	119882	944940	20526
2	0.6	15	0.5	38	35	146.7234092	121682	957320	20430
2	0.5	15	0.5	39	37	160.4655602	104168	824280	19156
2	0.4	15	0.5	41	38	174.696086	102882	811730	19006
2	0.3	15	0.5	42	40	189.4799055	95887	753310	18185
2	0.2	15	0.5	44	43	204.9536444	88482	694000	17432
2	1.8	7.5	0.25	29	18	11.58404332	541657	4280880	64852
2	1.7	7.5	0.25	31	20	19.57192815	549564	4352450	66348
2	1.6	7.5	0.25	33	22	28.37633916	561616	4440800	67277
2	1.5	7.5	0.25	35	24	37.83250387	575465	4556970	69450
2	1.4	7.5	0.25	36	26	47.84048258	552691	4372230	66520
2	1.3	7.5	0.25	37	27	58.36642101	536461	4247100	64934
2	1.2	7.5	0.25	38	28	69.33294438	494913	3924130	61007
2	1.1	7.5	0.25	39	30	80.7331505	482509	3819150	59496
2	1	7.5	0.25	40	31	92.55816762	447355	3531650	55631
2	0.9	7.5	0.25	41	32	104.7831856	429054	3401630	54170
2	0.8	7.5	0.25	42	34	117.4218566	398635	3141510	50456
2	0.7	7.5	0.25	43	35	130.4860265	376046	2976120	49115
2	0.6	7.5	0.25	44	37	143.9922961	338476	2674370	45244
2	0.5	7.5	0.25	45	39	157.974408	306567	2419140	42176
2	0.4	7.5	0.25	47	41	172.4908602	277359	2190970	39414
2	0.3	7.5	0.25	48	44	187.6196007	240497	1898260	35451
2	0.2	7.5	0.25	51	47	203.5239329	232337	1826220	34441
2	1.8	3.75	0.125	33	15	9.294056866	1671127	13213890	160214
2	1.7	3.75	0.125	37	18	16.55862793	1834954	14523540	176557
2	1.6	3.75	0.125	39	20	24.81137962	1878572	14861660	180889
2	1.5	3.75	0.125	42	23	33.86441336	1938079	15352350	186738
2	1.4	3.75	0.125	43	24	43.58980904	1844461	14646310	180082
2	1.3	3.75	0.125	45	26	53.91208276	1813791	14417910	177666
2	1.2	3.75	0.125	46	28	64.76907063	1839095	14496620	174992
2	1.1	3.75	0.125	48	30	76.12500461	1803197	14205430	171167
2	1	3.75	0.125	49	31	87.96212804	1693290	13337400	161376
2	0.9	3.75	0.125	50	33	100.2748404	1614512	12689020	152786
2	0.8	3.75	0.125	52	35	113.052741	1513126	11945470	147568
2	0.7	3.75	0.125	53	37	126.3103001	1317428	10444260	133241
2	0.6	3.75	0.125	54	39	140.070558	1213831	9606000	124436
2	0.5	3.75	0.125	56	42	154.3802899	1110512	8763610	114907
2	0.4	3.75	0.125	58	45	169.2898382	1000054	7876100	105368
2	0.3	3.75	0.125	60	49	184.9081569	917442	6925260	89144
2	0.2	3.75	0.125	63	54	201.416432	887727	5520780	78058
2	1.8	1.875	0.0625	41	11	6.521730168	7209239	49033960	444068
2	1.7	1.875	0.0625	47	15	12.75929274	6526691	52015800	523656
2	1.6	1.875	0.0625	51	18	20.21383061	7072467	56453360	568901
2	1.5	1.875	0.0625	55	20	28.65962574	7587792	60551600	603557
2	1.4	1.875	0.0625	58	23	37.9180972	7698008	61447190	607877
2	1.3	1.875	0.0625	60	25	47.9057073	7749682	61851400	608851
2	1.2	1.875	0.0625	62	27	58.54194936	7740850	61789370	606331
2	1.1	1.875	0.0625	64	29	69.77463881	7678455	61263720	600712
2	1	1.875	0.0625	66	32	81.58279465	7386814	58963140	579187
2	0.9	1.875	0.0625	68	34	93.94634809	7194467	57427130	566935
2	0.8	1.875	0.0625	70	37	106.8678272	6794175	54223930	540286
2	0.7	1.875	0.0625	72	39	120.3483841	6389451	51001480	512362
2	0.6	1.875	0.0625	74	43	134.4268224	5810732	46375680	470692
2	0.5	1.875	0.0625	77	46	149.149375	5256315	41960910	435264
2	0.4	1.875	0.0625	79	50	164.586722	4448195	35500950	380592
2	0.3	1.875	0.0625	82	56	180.8720885	3670192	29273430	325234
2	0.2	1.875	0.0625	87	63	198.2324441	2924193	23329800	270247
2	1.8	80	2	33	31	21.97949837	469121	2351880	9933
2	1.7	80	2	35	32	34.61946143	49850	249640	9911
2	1.6	80	2	36	34	47.87292169	53405	266530	10024
2	1.5	80	2	37	35	61.64072679	108543	542460	9168
2	1.4	80	2	38	36	75.85707933	46742	233740	9367
2	1.3	80	2	39	37	90.47096164	535113	2685120	9451
2	1.2	80	2	40	38	105.4877855	163958	828290	9316
2	1.1	80	2	40	39	120.8725548	478739	2694960	8481
2	1	80	2	41	40	136.620439	41474	206430	8574
2	0.9	80	2	42	41	152.7357919	46033	229730	8727
2	0.8	80	2	43	42	169.2173574	45272	224970	8735
2	0.7	80	2	44	43	186.07823	90116	448700	8735
2	0.6	80	2	45	44	203.345573	191734	964750	8729
2	0.5	80	2	46	45	221.0382986	44075	217670	8874
2	0.4	80	2	47	47	239.2035374	382934	1929160	8848
2	0.3	80	2	49	48	257.9319478	682513	3473010	8964
2	0.2	80	2	51	50	277.3256514	1135547	5708730	9196
2	1.8	40	1	35	30	20.97486899	242833	1214150	20365
2	1.7	40	1	36	32	33.33107656	125594	625470	19475
2	1.6	40	1	38	33	46.3743119	144804	723330	20369
2	1.5	40	1	39	35	59.9723317	121516	607440	18955
2	1.4	40	1	40	36	74.08107878	558655	2811860	19142
2	1.3	40	1	40	37	88.62761735	116885	581970	17740
2	1.2	40	1	41	38	103.5940935	243598	1222420	17729
2	1.1	40	1	42	39	118.9607933	211939	1063070	17306
2	1	40	1	43	40	134.7169656	164232	818130	15985
2	0.9	40	1	44	41	150.8695829	93828	467580	15900
2	0.8	40	1	45	42	167.4063552	241101	1204820	16016
2	0.7	40	1	45	43	184.3510046	92460	461460	14705
2	0.6	40	1	46	45	201.7338794	474018	2396230	14642
2	0.5	40	1	47	46	219.5695637	694683	3490770	13884
2	0.4	40	1	49	48	237.9094885	455325	2296750	14859
2	0.3	40	1	50	49	256.8373402	89025	442330	14052
2	0.2	40	1	53	52	276.4938046	227428	1125700	14280
2	1.8	20	0.5	37	28	19.49275576	585698	2937260	43312
2	1.7	20	0.5	39	31	31.44336388	411074	2052760	43910
2	1.6	20	0.5	40	32	44.18860305	1247725	6259140	41933
2	1.5	20	0.5	41	34	57.58759269	2184142	11043070	41794
2	1.4	20	0.5	43	35	71.52485623	1632594	8182760	41062
2	1.3	20	0.5	44	37	85.98615246	629170	3143560	40424
2	1.2	20	0.5	44	38	100.9004252	3267821	16398230	38018
2	1.1	20	0.5	45	39	116.2539008	1164531	5844800	35370
2	1	20	0.5	46	41	132.032706	315390	1574500	34239
2	0.9	20	0.5	47	42	148.2505294	1017769	5123590	32099
2	0.8	20	0.5	48	43	164.8906841	1198174	6003850	31439
2	0.7	20	0.5	49	45	181.958549	230113	1146350	30444
2	0.6	20	0.5	50	46	199.5040412	1179724	5938600	28620
2	0.5	20	0.5	51	48	217.5347428	192418	963840	27093
2	0.4	20	0.5	52	50	236.1167961	601341	3013130	25476
2	0.3	20	0.5	54	52	255.3416754	172096	853720	25167
2	0.2	20	0.5	56	55	275.3475635	274347	1369240	24015
2	1.8	10	0.25	40	26	17.40641486	2120110	10605830	102408
2	1.7	10	0.25	42	29	28.77221498	2430842	12190100	101398
2	1.6	10	0.25	45	31	41.09437872	2795588	14100680	104753
2	1.5	10	0.25	46	33	54.18413822	1835084	9196580	100930
2	1.4	10	0.25	48	35	67.92854547	4047830	20260810	99621
2	1.3	10	0.25	49	36	82.23480254	3837095	19345690	97617
2	1.2	10	0.25	50	38	97.09131019	1649235	9099170	91834
2	1.1	10	0.25	51	40	112.4326016	3871157	19405140	85303
2	1	10	0.25	52	41	128.2607902	1890448	9475810	80306
2	0.9	10	0.25	53	43	144.5619126	904329	4515790	77692
2	0.8	10	0.25	54	44	161.330142	4945977	24843280	72307
2	0.7	10	0.25	55	46	178.5929484	2317095	11681830	67283
2	0.6	10	0.25	56	48	196.3609635	1392425	6969700	62238
2	0.5	10	0.25	58	50	214.6742817	534124	2921030	57900
2	0.4	10	0.25	59	53	233.5946748	1566202	8103820	53712
2	0.3	10	0.25	61	56	253.2226685	2174212	10942960	48051
2	0.2	10	0.25	64	60	273.7256459	1778353	8942290	45234
2	1.8	5	0.125	45	23	14.58644297	5727154	28742780	257920
2	1.7	5	0.125	49	26	25.11084607	8920279	45713570	274221
2	1.6	5	0.125	52	29	36.81246848	7889733	40084660	278404
2	1.5	5	0.125	55	31	49.44228224	8527163	42747160	285983
2	1.4	5	0.125	57	34	62.86626576	5173299	26246220	282796
2	1.3	5	0.125	58	36	76.97590178	6333527	31955540	263415
2	1.2	5	0.125	60	38	91.70644735	7905105	40304760	258288
2	1.1	5	0.125	61	40	107.0168139	6187287	31514830	245911
2	1	5	0.125	63	42	122.8843146	5370231	27400750	237447
2	0.9	5	0.125	64	44	139.2948411	9076274	45560390	218300
2	0.8	5	0.125	66	46	156.2441081	5301122	28376320	210961
2	0.7	5	0.125	67	49	173.7431487	5465922	27432990	190827
2	0.6	5	0.125	69	51	191.8299263	6108495	31141140	177179
2	0.5	5	0.125	70	54	210.5321465	2780772	14492300	159380
2	0.4	5	0.125	72	57	229.9261267	4753172	24854850	140653
2	0.3	5	0.125	75	61	250.1301324	490054	5869660	127243
2	0.2	5	0.125	78	67	271.3397327	741546	8854990	107470
2	1.8	2.5	0.0625	55	18	11.02336738	8996201	107274150	726990
2	1.7	2.5	0.0625	61	22	20.33597042	10179891	121383070	823480
2	1.6	2.5	0.0625	66	26	31.11641907	10938930	130422920	882130
2	1.5	2.5	0.0625	70	29	43.05723365	11322851	134926550	909455
2	1.4	2.5	0.0625	73	32	55.96719795	11373001	135433760	912158
2	1.3	2.5	0.0625	76	35	69.71273926	11529447	137413320	926162
2	1.2	2.5	0.0625	78	37	84.22180555	11232195	133680820	901931
2	1.1	2.5	0.0625	81	40	99.4268013	11023880	131218230	888164
2	1	2.5	0.0625	83	43	115.2911651	10547459	125461200	857435
2	0.9	2.5	0.0625	85	45	131.8043199	10017723	119254680	822908
2	0.8	2.5	0.0625	87	48	148.9568324	9431869	112360110	785234
2	0.7	2.5	0.0625	89	52	166.7566223	8614492	102610980	729299
2	0.6	2.5	0.0625	91	55	185.246223	7770757	92488850	672057
2	0.5	2.5	0.0625	94	59	204.469518	7016716	83619810	625153
2	0.4	2.5	0.0625	96	64	224.5097761	5769415	68753380	536069
2	0.3	2.5	0.0625	100	70	245.5133834	4653593	55368520	456551
2	0.2	2.5	0.0625	104	78	267.7320572	3477373	41420250	364139
2	1.8	100	2	43	40	28.72792773	83549	320400	13638
2	1.7	100	2	44	41	44.9678962	71919	278540	12678
2	1.6	100	2	46	43	61.90467282	70730	273260	12507
2	1.5	100	2	47	44	79.40109787	69495	268310	12749
2	1.4	100	2	48	46	97.41839035	71524	276660	12578
2	1.3	100	2	49	47	115.8855711	101247	390190	12802
2	1.2	100	2	50	48	134.7958011	76011	293410	12702
2	1.1	100	2	51	49	154.1207438	65959	253420	11562
2	1	100	2	51	50	173.8542874	53009	205490	10907
2	0.9	100	2	52	51	193.9902682	63620	244930	10882
2	0.8	100	2	53	52	214.5449179	52827	205080	10885
2	0.7	100	2	54	53	235.5194399	66398	255670	10873
2	0.6	100	2	55	54	256.9348796	55852	214020	11031
2	0.5	100	2	57	56	278.8461124	65946	254300	11008
2	0.4	100	2	58	57	301.2799039	67356	259800	11148
2	0.3	100	2	60	59	324.326211	56706	220530	11271
2	0.2	100	2	62	61	348.1162657	57318	218290	11422
2	1.8	50	1	44	38	27.58372707	184488	711510	26539
2	1.7	50	1	46	41	43.51409182	183834	710130	26367
2	1.6	50	1	48	42	60.20380633	196496	755820	27646
2	1.5	50	1	49	44	77.54143122	189055	731460	26213
2	1.4	50	1	50	45	95.4178751	208913	806250	25883
2	1.3	50	1	51	47	113.8062819	175624	677880	23889
2	1.2	50	1	52	48	132.6748798	228203	884230	24116
2	1.1	50	1	53	49	151.9809438	154783	592750	23344
2	1	50	1	53	50	171.7280099	122121	471980	20221
2	0.9	50	1	54	51	191.8984804	130001	499300	20136
2	0.8	50	1	55	53	212.5252232	132052	511830	20069
2	0.7	50	1	56	54	233.60699	133582	513470	19654
2	0.6	50	1	57	55	255.1524946	109483	420510	18779
2	0.5	50	1	59	57	277.2162631	125389	480800	19497
2	0.4	50	1	60	59	299.837102	104526	400940	18505
2	0.3	50	1	62	61	323.1177953	116803	452720	18821
2	0.2	50	1	64	63	347.1992708	97287	372640	18016
2	1.8	25	0.5	47	37	25.89781186	564940	2181110	60650
2	1.7	25	0.5	49	40	41.3618562	549083	2122420	61415
2	1.6	25	0.5	51	42	57.73155233	562422	2170460	58049
2	1.5	25	0.5	52	43	74.83163065	577452	2233330	58322
2	1.4	25	0.5	53	45	92.56052236	489612	1887610	55092
2	1.3	25	0.5	54	46	110.8372956	478504	1848190	51815
2	1.2	25	0.5	55	48	129.6515358	493662	1905620	50408
2	1.1	25	0.5	56	49	148.94992	397089	1532350	46887
2	1	25	0.5	57	51	168.727749	377649	1456110	45702
2	0.9	25	0.5	58	52	188.9865178	370913	1434780	42565
2	0.8	25	0.5	59	54	209.7093788	355369	1372830	41234
2	0.7	25	0.5	60	55	230.9354913	313578	1209480	38548
2	0.6	25	0.5	61	57	252.6705709	311806	1202540	35475
2	0.5	25	0.5	63	59	274.9544396	249891	961500	34938
2	0.4	25	0.5	64	61	297.8548015	243539	936430	32790
2	0.3	25	0.5	66	63	321.4598736	242480	934610	31312
2	0.2	25	0.5	68	67	345.9328253	219286	845750	30207
2	1.8	12.5	0.25	50	34	23.49404866	1690689	6535040	141876
2	1.7	12.5	0.25	54	38	38.31427382	1845834	7133740	146899
2	1.6	12.5	0.25	56	40	54.21919338	1688212	6520010	147709
2	1.5	12.5	0.25	58	42	70.9814939	1644961	6354020	141979
2	1.4	12.5	0.25	59	44	88.47556193	1622664	6271100	135817
2	1.3	12.5	0.25	61	46	106.6252878	1523142	5873380	132435
2	1.2	12.5	0.25	62	48	125.3598853	1505955	5820970	124729
2	1.1	12.5	0.25	63	50	144.655265	1302614	5026130	116238
2	1	12.5	0.25	64	52	164.4855986	1213932	4679690	108430
2	0.9	12.5	0.25	65	53	184.8513403	1151556	4447200	105210
2	0.8	12.5	0.25	66	55	205.7429306	1015953	3917820	94400
2	0.7	12.5	0.25	67	57	227.1731601	912264	3524190	87632
2	0.6	12.5	0.25	69	59	249.1695077	861129	3323210	84638
2	0.5	12.5	0.25	70	61	271.7718487	730060	2810670	75299
2	0.4	12.5	0.25	72	64	295.0560971	650519	2509720	69740
2	0.3	12.5	0.25	74	67	319.1162367	606415	2339470	64686
2	0.2	12.5	0.25	77	72	344.1484666	505528	1944090	58199
2	1.8	6.25	0.125	57	31	20.21166486	5363104	20782960	372044
2	1.7	6.25	0.125	61	35	34.08667352	5633845	21765490	385842
2	1.6	6.25	0.125	65	38	49.3070331	5838733	22490560	397176
2	1.5	6.25	0.125	67	41	65.57087102	5699434	22013090	388941
2	1.4	6.25	0.125	70	43	82.72626351	5806752	22441840	391910
2	1.3	6.25	0.125	71	46	100.646756	5477748	21155340	366775
2	1.2	6.25	0.125	73	48	119.270013	5142210	19870420	358300
2	1.1	6.25	0.125	75	50	138.5436697	4757808	18363660	339643
2	1	6.25	0.125	76	52	158.4309459	4524034	17554970	321850
2	0.9	6.25	0.125	78	55	178.9317174	4408659	17048880	302315
2	0.8	6.25	0.125	79	57	200.0358146	3873764	14958420	276261
2	0.7	6.25	0.125	81	60	221.7516157	3423205	13224310	258009
2	0.6	6.25	0.125	82	63	244.1112918	3085427	11911710	233408
2	0.5	6.25	0.125	84	66	267.1651672	2841132	10978900	214596
2	0.4	6.25	0.125	86	69	290.9822704	2396848	9253820	184723
2	0.3	6.25	0.125	89	74	315.6957331	2031727	7853370	161983
2	0.2	6.25	0.125	92	80	341.5208556	1547684	5973120	136311
2	1.8	3.125	0.0625	68	25	15.9626478	18846408	72860600	1049414
2	1.7	3.125	0.0625	76	30	28.4701068	21440461	82820540	1187007
2	1.6	3.125	0.0625	81	34	42.66113265	22680033	87556680	1262341
2	1.5	3.125	0.0625	85	38	58.17024009	23231953	89796550	1272400
2	1.4	3.125	0.0625	88	41	74.77217034	23272270	90022410	1273723
2	1.3	3.125	0.0625	91	44	92.31931373	23065577	89068080	1265306
2	1.2	3.125	0.0625	94	47	110.7159951	22609418	87408960	1249637
2	1.1	3.125	0.0625	96	50	129.8944457	21992242	84774730	1212174
2	1	3.125	0.0625	98	53	149.8157199	20613327	79754760	1148042
2	0.9	3.125	0.0625	101	57	170.4553461	20082395	77487050	1118844
2	0.8	3.125	0.0625	103	60	191.812337	18708116	72485630	1049106
2	0.7	3.125	0.0625	105	63	213.8952439	17272712	66770850	977120
2	0.6	3.125	0.0625	107	67	236.7364629	15675161	60773860	903207
2	0.5	3.125	0.0625	110	72	260.3904146	13724800	53081960	807892
2	0.4	3.125	0.0625	113	77	284.9568359	11764793	45500580	712005
2	0.3	3.125	0.0625	116	84	310.5839947	9445103	36650610	599666
2	0.2	3.125	0.0625	121	92	337.5503661	7238168	27984450	473323
