r	c	alpha	beta	Q_T	Pi_T	Time_T	CPUTime_T	Comp_T
2	1.8	20	2	5	3.376339273	16567	132400	47243
2	1.7	20	2	6	5.750928579	17841	137750	52097
2	1.6	20	2	7	8.382890919	22171	171640	57139
2	1.5	20	2	7	11.24355754	17372	138840	58366
2	1.4	20	2	8	14.32172471	23542	183190	64600
2	1.3	20	2	8	17.57771207	22517	174680	64818
2	1.2	20	2	9	21.03445479	19176	152850	70918
2	1.1	20	2	9	24.66056281	21918	170230	71891
2	1	20	2	10	28.4685104	25613	199630	77363
2	0.9	20	2	10	32.46019004	26864	209100	79207
2	0.8	20	2	11	36.63281026	27893	217950	85373
2	0.7	20	2	11	41.00496398	22970	183590	86088
2	0.6	20	2	12	45.58075356	29326	228940	93557
2	0.5	20	2	12	50.36607887	29889	233860	95616
2	0.4	20	2	13	55.42552805	27364	213310	100188
2	0.3	20	2	14	60.76395662	33610	263360	107436
2	0.2	20	2	15	66.46074294	34912	273930	115243
2	1.8	10	1	5	3.091387215	22288	170640	59581
2	1.7	10	1	6	5.34313184	27794	217090	73502
2	1.6	10	1	6	7.879547354	27305	212870	71658
2	1.5	10	1	7	10.67641558	30711	240320	81661
2	1.4	10	1	8	13.66010027	31163	244000	97280
2	1.3	10	1	8	16.88980792	34152	267350	92389
2	1.2	10	1	9	20.27990463	39169	308040	105807
2	1.1	10	1	9	23.89182235	32666	255860	105446
2	1	10	1	10	27.66852677	38358	301260	119136
2	0.9	10	1	10	31.6538734	39634	311010	116372
2	0.8	10	1	11	35.82934841	39474	310370	126775
2	0.7	10	1	11	40.20702138	45813	356720	128428
2	0.6	10	1	12	44.82104463	45814	361150	139560
2	0.5	10	1	13	49.65939792	53172	414250	149247
2	0.4	10	1	14	54.76594221	47059	368960	164253
2	0.3	10	1	15	60.19250092	59339	464020	173503
2	0.2	10	1	16	66.0134287	62750	490620	190668
2	1.8	5	0.5	4	2.715109992	29337	229090	75004
2	1.7	5	0.5	5	4.838793918	34167	268120	92588
2	1.6	5	0.5	6	7.260105008	40392	317400	115324
2	1.5	5	0.5	6	9.935668322	39278	308610	114103
2	1.4	5	0.5	7	12.86903343	45273	353040	131662
2	1.3	5	0.5	8	15.9960345	54228	423170	155526
2	1.2	5	0.5	8	19.34837542	51231	404480	156078
2	1.1	5	0.5	9	22.90404906	54005	420960	171919
2	1	5	0.5	9	26.64051068	63486	496760	176965
2	0.9	5	0.5	10	30.61857053	69831	546020	199858
2	0.8	5	0.5	11	34.79361604	76246	598230	216234
2	0.7	5	0.5	12	39.18134834	77934	612600	240872
2	0.6	5	0.5	12	43.82095574	90710	709110	245288
2	0.5	5	0.5	13	48.72028273	89325	696420	266477
2	0.4	5	0.5	14	53.90757085	95307	749370	291103
2	0.3	5	0.5	16	59.44129536	115314	898650	330190
2	0.2	5	0.5	17	65.40780738	124577	979500	361218
2	1.8	2.5	0.25	3	2.279349326	31498	247070	102923
2	1.7	2.5	0.25	4	4.248519532	46431	360460	137543
2	1.6	2.5	0.25	5	6.535315407	50412	397320	172901
2	1.5	2.5	0.25	6	9.087553884	69934	530900	213522
2	1.4	2.5	0.25	6	11.90684521	78293	610020	215489
2	1.3	2.5	0.25	7	14.95717199	85553	647540	264609
2	1.2	2.5	0.25	8	18.21645683	97135	756250	300871
2	1.1	2.5	0.25	8	21.70058783	105682	812330	308157
2	1	2.5	0.25	9	25.41294846	118557	900800	347206
2	0.9	2.5	0.25	10	29.33968294	144962	1055830	398197
2	0.8	2.5	0.25	11	33.4955275	159286	1165370	439943
2	0.7	2.5	0.25	12	37.89446229	174200	1291780	483772
2	0.6	2.5	0.25	13	42.55413174	199851	1456550	531211
2	0.5	2.5	0.25	14	47.50726677	237076	1747160	579662
2	0.4	2.5	0.25	15	52.7688714	247718	1863810	630418
2	0.3	2.5	0.25	17	58.43588029	300307	2220910	726469
2	0.2	2.5	0.25	20	64.58533245	366277	2661060	862050
2	1.8	1.25	0.125	2	1.843843109	28293	224490	141660
2	1.7	1.25	0.125	3	3.660556409	58084	414030	223442
2	1.6	1.25	0.125	4	5.795916748	88053	624530	310653
2	1.5	1.25	0.125	5	8.209054289	138939	888700	395821
2	1.4	1.25	0.125	5	10.90664478	163801	1020900	416821
2	1.3	1.25	0.125	6	13.83060908	231829	1378920	505968
2	1.2	1.25	0.125	7	16.98138674	280369	1596620	595610
2	1.1	1.25	0.125	8	20.36139606	343392	1923240	688235
2	1	1.25	0.125	8	23.98248401	322732	2022500	710194
2	0.9	1.25	0.125	9	27.83998499	506985	2596410	833741
2	0.8	1.25	0.125	10	31.94619718	471044	3053980	924961
2	0.7	1.25	0.125	12	36.30180398	657717	3951480	1118832
2	0.6	1.25	0.125	13	40.96780862	665005	4484980	1222066
2	0.5	1.25	0.125	15	45.93370098	938771	5934930	1438824
2	0.4	1.25	0.125	17	51.27745773	1172087	7399630	1647490
2	0.3	1.25	0.125	19	57.06767801	1245660	9003570	1851324
2	0.2	1.25	0.125	23	63.43358964	1852399	13445610	2254400
2	1.8	0.625	0.0625	2	1.465286699	109925	546960	310667
2	1.7	0.625	0.0625	2	3.182765999	156317	754490	378506
2	1.6	0.625	0.0625	3	5.205684662	372141	1386840	550255
2	1.5	0.625	0.0625	3	7.494657939	459693	1742470	614330
2	1.4	0.625	0.0625	4	10.07088589	798008	2809510	833756
2	1.3	0.625	0.0625	5	12.86079263	1233026	4133690	1061203
2	1.2	0.625	0.0625	5	15.87370264	1313349	4470260	1108573
2	1.1	0.625	0.0625	6	19.13282646	1662852	6363170	1360465
2	1	0.625	0.0625	7	22.60718225	2204504	8936850	1626515
2	0.9	0.625	0.0625	8	26.30832356	2466441	10923620	1837801
2	0.8	0.625	0.0625	9	30.28466273	2767626	14111980	2078237
2	0.7	0.625	0.0625	11	34.55748514	4337576	19281310	2493323
2	0.6	0.625	0.0625	13	39.11803066	4911576	27543850	2992901
2	0.5	0.625	0.0625	15	44.03415163	5703174	33736530	3352396
2	0.4	0.625	0.0625	18	49.37167923	9102027	48604880	4008175
2	0.3	0.625	0.0625	21	55.23532681	8369438	61334740	4513709
2	0.2	0.625	0.0625	27	61.81056882	48674313	230052630	6126956
2	1.8	40	2	13	9.244114207	186580	1865160	92283
2	1.7	40	2	14	14.90592432	319635	3180330	100146
2	1.6	40	2	15	20.97658782	404618	4029670	106518
2	1.5	40	2	16	27.39078339	338602	3379180	113086
2	1.4	40	2	17	34.10465656	417920	4175300	117439
2	1.3	40	2	18	41.08844011	250502	2494090	125827
2	1.2	40	2	18	48.3411705	349528	3474040	126764
2	1.1	40	2	19	55.86746056	348338	3478010	131359
2	1	40	2	20	63.63392947	406634	4047640	136698
2	0.9	40	2	20	71.6555818	303200	3019160	138892
2	0.8	40	2	21	79.957165	352962	3516110	144946
2	0.7	40	2	22	88.51893257	419699	4181840	152353
2	0.6	40	2	23	97.36185936	414753	4141710	156789
2	0.5	40	2	24	106.5164672	435938	4349880	169006
2	0.4	40	2	25	116.0223205	427312	4270980	175444
2	0.3	40	2	26	125.9341224	583570	5824500	179204
2	0.2	40	2	27	136.333234	565038	5645310	188270
2	1.8	20	1	13	8.789556364	528698	5287190	133823
2	1.7	20	1	14	14.30517994	359024	3575910	141726
2	1.6	20	1	15	20.24087089	476463	4750030	151473
2	1.5	20	1	16	26.53300099	470744	4704020	162146
2	1.4	20	1	17	33.14263531	645491	6443420	175521
2	1.3	20	1	17	40.06257996	418161	4183830	175914
2	1.2	20	1	18	47.2674589	568848	5682820	184418
2	1.1	20	1	19	54.74170843	587654	5864560	194648
2	1	20	1	20	62.48161785	518010	5157390	206758
2	0.9	20	1	20	70.4980935	658714	6580430	212392
2	0.8	20	1	21	78.80548449	600496	5985090	220793
2	0.7	20	1	22	87.39990925	702617	7008020	231692
2	0.6	20	1	23	96.29783209	783426	7818810	245376
2	0.5	20	1	24	105.5292989	811613	8097180	256173
2	0.4	20	1	25	115.1305597	881320	8800860	269939
2	0.3	20	1	27	125.1597827	645840	6529220	289064
2	0.2	20	1	28	135.7276336	378975	4162550	306550
2	1.8	10	0.5	11	8.212297752	263324	2892380	177899
2	1.7	10	0.5	13	13.51112204	294756	3237460	216848
2	1.6	10	0.5	14	19.27635781	316561	3472370	238537
2	1.5	10	0.5	15	25.42453838	339273	3715410	257125
2	1.4	10	0.5	16	31.91744712	341269	3747430	277170
2	1.3	10	0.5	17	38.73003104	364146	3967840	299782
2	1.2	10	0.5	18	45.84579407	372001	4085690	319404
2	1.1	10	0.5	19	53.25767945	387638	4215840	339432
2	1	10	0.5	19	60.96704847	381018	4184120	340516
2	0.9	10	0.5	20	68.97569579	372848	4087210	362168
2	0.8	10	0.5	21	77.28527933	388143	4255380	384810
2	0.7	10	0.5	22	85.90750588	415690	4548260	406181
2	0.6	10	0.5	24	94.86652686	433380	4753070	447886
2	0.5	10	0.5	25	104.194142	443968	4868630	464925
2	0.4	10	0.5	26	113.9199168	469772	5148630	493754
2	0.3	10	0.5	28	124.123522	501015	5472150	538263
2	0.2	10	0.5	30	134.9095785	525561	5756930	584867
2	1.8	5	0.25	9	7.489114545	289033	3148270	271917
2	1.7	5	0.25	11	12.54039821	352166	3821520	348907
2	1.6	5	0.25	12	18.07706003	369110	3992690	389229
2	1.5	5	0.25	13	24.02645641	384963	4162990	430218
2	1.4	5	0.25	15	30.35873635	439237	4662730	507716
2	1.3	5	0.25	16	37.03867751	443977	4747970	548312
2	1.2	5	0.25	17	44.04799642	476396	5017520	591166
2	1.1	5	0.25	18	51.37848597	500661	5207490	639432
2	1	5	0.25	19	59.02759292	534299	5720670	677412
2	0.9	5	0.25	20	66.9976292	552278	5947490	721436
2	0.8	5	0.25	21	75.29548493	571714	6183210	769490
2	0.7	5	0.25	23	83.95592014	648854	6790580	854253
2	0.6	5	0.25	24	92.9742645	649687	7017890	890558
2	0.5	5	0.25	26	102.4031707	707732	7467930	981345
2	0.4	5	0.25	28	112.2828879	789183	8416090	1076964
2	0.3	5	0.25	30	122.6931216	851568	9038470	1178955
2	0.2	5	0.25	34	133.7718417	1002872	10321270	1360090
2	1.8	2.5	0.125	7	6.663775302	347794	3420720	456591
2	1.7	2.5	0.125	9	11.40127671	446482	4124720	608520
2	1.6	2.5	0.125	10	16.66932004	545906	4680210	717483
2	1.5	2.5	0.125	11	22.37223168	621836	5192450	822429
2	1.4	2.5	0.125	13	28.49331693	762600	6454440	990119
2	1.3	2.5	0.125	14	34.97921616	771527	7021910	1096583
2	1.2	2.5	0.125	15	41.81504259	907744	8207750	1191024
2	1.1	2.5	0.125	17	49.01152342	1178181	9996640	1376795
2	1	2.5	0.125	18	56.5538107	1228869	10663010	1485074
2	0.9	2.5	0.125	20	64.44907523	1385483	12713850	1673218
2	0.8	2.5	0.125	21	72.71527592	1398617	13828370	1776628
2	0.7	2.5	0.125	23	81.36856873	1854676	15924320	1969334
2	0.6	2.5	0.125	25	90.44115203	1893605	18729780	2159019
2	0.5	2.5	0.125	27	99.96633459	2141410	21763230	2365886
2	0.4	2.5	0.125	30	110.0176094	2787280	27945880	2622120
2	0.3	2.5	0.125	34	120.6808739	3978995	34944810	3037759
2	0.2	2.5	0.125	38	132.1370584	4729282	44802120	3454666
2	1.8	1.25	0.0625	5	5.810922655	796557	3761620	777844
2	1.7	1.25	0.0625	6	10.22073402	1271133	5092160	1014158
2	1.6	1.25	0.0625	8	15.18350793	2194877	9181720	1437180
2	1.5	1.25	0.0625	9	20.61372328	2549813	11972800	1670889
2	1.4	1.25	0.0625	10	26.44637677	3013446	14795420	1913886
2	1.3	1.25	0.0625	12	32.67588195	3881693	18859900	2326294
2	1.2	1.25	0.0625	13	39.28234663	4496452	26280290	2577737
2	1.1	1.25	0.0625	15	46.25864996	5755099	33113210	3004939
2	1	1.25	0.0625	17	53.60598271	6978019	41644000	3325441
2	0.9	1.25	0.0625	18	61.34872712	6672278	46070670	3526115
2	0.8	1.25	0.0625	20	69.48884302	7260552	57755230	4035669
2	0.7	1.25	0.0625	23	78.07348929	9980880	75610590	4609029
2	0.6	1.25	0.0625	26	87.11981005	13641259	102753740	5325715
2	0.5	1.25	0.0625	29	96.70529497	15203598	117161870	5734860
2	0.4	1.25	0.0625	33	106.9006342	22982396	170675240	6273217
2	0.3	1.25	0.0625	38	117.840697	100397052	407572110	7327792
2	0.2	1.25	0.0625	45	129.7483026	261482478	1172612290	9275681
2	1.8	60	2	22	15.61558112	195485	2147280	143353
2	1.7	60	2	23	24.75060302	210422	2304960	151863
2	1.6	60	2	24	34.38144189	217102	2384840	158660
2	1.5	60	2	25	44.43722074	224995	2472160	164540
2	1.4	60	2	26	54.87279052	215969	2372590	171602
2	1.3	60	2	27	65.65675758	230988	2530820	179643
2	1.2	60	2	28	76.76922312	224017	2459690	184300
2	1.1	60	2	29	88.19732586	237353	2608890	191579
2	1	60	2	30	99.93548366	238228	2614770	195573
2	0.9	60	2	31	111.9856496	258679	2844820	205258
2	0.8	60	2	31	124.3651539	252695	2779620	206734
2	0.7	60	2	32	137.0788592	230369	2535740	211381
2	0.6	60	2	33	150.1403211	263290	2892350	220306
2	0.5	60	2	34	163.5762605	272692	2998060	226709
2	0.4	60	2	36	177.4296338	274335	3010910	240764
2	0.3	60	2	37	191.7756426	301901	3319690	248450
2	0.2	60	2	39	206.7057249	299441	3289500	258936
2	1.8	30	1	21	15.04851885	297001	3258470	203802
2	1.7	30	1	22	23.98600164	318257	3498270	215330
2	1.6	30	1	24	33.45255192	333655	3668570	235914
2	1.5	30	1	25	43.37640478	334532	3681470	244124
2	1.4	30	1	26	53.69735963	329584	3618680	255192
2	1.3	30	1	27	64.38720318	328462	3616940	267488
2	1.2	30	1	28	75.42672915	357287	3931200	278666
2	1.1	30	1	29	86.8048115	362745	3980770	287878
2	1	30	1	30	98.51914016	350103	3842720	299101
2	0.9	30	1	31	110.5672311	380162	4179930	315432
2	0.8	30	1	32	122.9631154	380408	4185210	324877
2	0.7	30	1	33	135.7140335	364143	4004530	333490
2	0.6	30	1	34	148.8410837	372345	4086670	348291
2	0.5	30	1	35	162.3717027	391775	4307180	358254
2	0.4	30	1	36	176.3451707	383014	4206100	374520
2	0.3	30	1	38	190.8485549	366930	4042260	395353
2	0.2	30	1	40	205.9863899	424774	4666070	420498
2	1.8	15	0.5	19	14.31066553	338452	3722570	296525
2	1.7	15	0.5	21	22.98809654	381528	4188250	340060
2	1.6	15	0.5	22	32.24019691	364090	3995200	358190
2	1.5	15	0.5	24	41.97585303	395692	4343490	397190
2	1.4	15	0.5	25	52.14933911	660083	6929730	419093
2	1.3	15	0.5	26	62.71786748	659129	6193560	435953
2	1.2	15	0.5	27	73.66221501	557669	5273930	457588
2	1.1	15	0.5	28	84.97251576	510884	5152600	481179
2	1	15	0.5	29	96.6429695	378209	4179000	501258
2	0.9	15	0.5	31	108.6842101	411726	4528010	543033
2	0.8	15	0.5	32	121.1003639	433371	4790650	559344
2	0.7	15	0.5	33	133.8973192	418628	4611790	587673
2	0.6	15	0.5	34	147.0932113	403750	4475370	609589
2	0.5	15	0.5	36	160.7472436	465971	5147190	648540
2	0.4	15	0.5	38	174.883616	471813	5197720	694994
2	0.3	15	0.5	40	189.5933785	473451	5213360	739755
2	0.2	15	0.5	43	205.0058435	489903	5423520	804406
2	1.8	7.5	0.25	16	13.37421188	294683	3232430	475114
2	1.7	7.5	0.25	19	21.71984844	374243	3972130	584372
2	1.6	7.5	0.25	20	30.69464529	407336	4369320	631897
2	1.5	7.5	0.25	22	40.1928996	465690	4865260	712678
2	1.4	7.5	0.25	23	50.15380237	479416	5123400	753512
2	1.3	7.5	0.25	25	60.55515834	568398	5904010	836080
2	1.2	7.5	0.25	26	71.36690815	544611	5924070	868536
2	1.1	7.5	0.25	28	82.57434073	664180	6998210	950918
2	1	7.5	0.25	29	94.18901186	613384	6505270	994802
2	0.9	7.5	0.25	30	106.1893618	678731	7264400	1051773
2	0.8	7.5	0.25	32	118.6153125	735203	7931930	1132522
2	0.7	7.5	0.25	34	131.4567013	777723	7984080	1224850
2	0.6	7.5	0.25	36	144.7493004	808912	8397150	1314169
2	0.5	7.5	0.25	38	158.5385205	892722	9280010	1406316
2	0.4	7.5	0.25	40	172.8818128	930467	10170340	1493633
2	0.3	7.5	0.25	43	187.8620322	1123426	12222910	1626715
2	0.2	7.5	0.25	46	203.6405035	1291272	14098740	1765694
2	1.8	3.75	0.125	13	12.2561747	590011	4905930	850640
2	1.7	3.75	0.125	15	20.18355696	794235	6532000	1039769
2	1.6	3.75	0.125	17	28.7901137	709305	6267410	1196527
2	1.5	3.75	0.125	19	37.96864661	1152116	9756210	1391086
2	1.4	3.75	0.125	21	47.65560825	1245454	10637240	1579851
2	1.3	3.75	0.125	23	57.81191511	1461908	13171340	1751990
2	1.2	3.75	0.125	25	68.41659597	1893524	14396850	1956294
2	1.1	3.75	0.125	26	79.47212125	1718741	14825390	2051417
2	1	3.75	0.125	28	90.9643861	2194346	18418910	2250673
2	0.9	3.75	0.125	30	102.8994183	2386193	19701570	2418318
2	0.8	3.75	0.125	32	115.2915627	2558651	22086690	2583922
2	0.7	3.75	0.125	34	128.1614457	2817283	26307050	2771079
2	0.6	3.75	0.125	37	141.5471224	3584321	30787560	3080168
2	0.5	3.75	0.125	39	155.4934594	3417917	34907500	3267529
2	0.4	3.75	0.125	43	170.0769716	3764816	33498500	3673091
2	0.3	3.75	0.125	47	185.4035664	3808908	39136320	4006318
2	0.2	3.75	0.125	52	201.6702145	5457355	54959060	4476337
2	1.8	1.875	0.0625	9	11.00005933	2089295	7679130	1430171
2	1.7	1.875	0.0625	12	18.45130438	3792857	13941510	2034544
2	1.6	1.875	0.0625	14	26.61672291	4717672	21917180	2466491
2	1.5	1.875	0.0625	16	35.38457903	6342876	29198290	2893114
2	1.4	1.875	0.0625	18	44.69549366	7653750	39683110	3285809
2	1.3	1.875	0.0625	20	54.51505058	8477211	49969730	3728540
2	1.2	1.875	0.0625	22	64.82454929	13593383	64025360	4169479
2	1.1	1.875	0.0625	24	75.61573379	99082673	281545140	4538832
2	1	1.875	0.0625	26	86.88920384	9388231	73955590	4889461
2	0.9	1.875	0.0625	29	98.65815724	12988299	93795680	5539654
2	0.8	1.875	0.0625	31	110.9461862	13178158	96998770	5698611
2	0.7	1.875	0.0625	34	123.7753433	14627184	108401050	6098929
2	0.6	1.875	0.0625	38	137.2041265	63084501	288903810	6958995
2	0.5	1.875	0.0625	42	151.2891625	24487718	204859300	7712495
2	0.4	1.875	0.0625	46	166.1263021	24105040	220392970	8049038
2	0.3	1.875	0.0625	52	181.8658958	33558673	316787270	9021759
2	0.2	1.875	0.0625	60	198.7590179	11	120	11278554
2	1.8	80	2	30	22.24101606	62524	748660	192053
2	1.7	80	2	32	34.92956877	68759	823470	203801
2	1.6	80	2	33	48.19131985	70311	842280	210559
2	1.5	80	2	35	61.95952775	71025	845600	223692
2	1.4	80	2	36	76.16162068	74657	894190	229123
2	1.3	80	2	37	90.76548219	79209	949170	236450
2	1.2	80	2	38	105.7507562	87386	1042650	243768
2	1.1	80	2	39	121.1044098	80384	962930	251358
2	1	80	2	40	136.8213497	85837	1028340	257062
2	0.9	80	2	41	152.9027364	94375	1129980	264914
2	0.8	80	2	42	169.3542816	85432	1017770	272297
2	0.7	80	2	43	186.1900413	90255	1083030	275505
2	0.6	80	2	44	203.429057	93942	1125410	283629
2	0.5	80	2	45	221.1005739	94194	1128560	290301
2	0.4	80	2	46	239.2449601	98533	1176840	301385
2	0.3	80	2	48	257.9549276	102554	1227650	313938
2	0.2	80	2	50	277.3358368	108268	1291520	328295
2	1.8	40	1	29	21.58218613	96857	1160180	271856
2	1.7	40	1	31	34.03801529	103031	1230990	295326
2	1.6	40	1	33	47.11140931	107725	1282210	318849
2	1.5	40	1	34	60.72186286	112831	1339590	327526
2	1.4	40	1	35	74.79118762	113715	1356170	337806
2	1.3	40	1	36	89.28757437	118895	1418960	349982
2	1.2	40	1	37	104.1908116	124531	1485750	361345
2	1.1	40	1	39	119.4915765	127088	1509900	383907
2	1	40	1	40	135.1845176	133129	1579100	391954
2	0.9	40	1	41	151.264922	129432	1542210	404582
2	0.8	40	1	42	167.7401273	136707	1620470	416760
2	0.7	40	1	43	184.6222734	144897	1710720	429961
2	0.6	40	1	44	201.9305477	144680	1731800	439513
2	0.5	40	1	46	219.7133747	148907	1759660	464970
2	0.4	40	1	47	238.0043678	157534	1868910	478518
2	0.3	40	1	49	256.8966397	163166	1932110	500086
2	0.2	40	1	52	276.5187727	170002	2015050	535393
2	1.8	20	0.5	27	20.71131971	140444	1657950	419350
2	1.7	20	0.5	29	32.86322742	155773	1847950	457874
2	1.6	20	0.5	31	45.69241175	167606	1984000	497415
2	1.5	20	0.5	33	59.080644	190634	2187290	541841
2	1.4	20	0.5	34	72.98150911	190444	2250270	557427
2	1.3	20	0.5	35	87.33410056	204012	2409150	581866
2	1.2	20	0.5	37	102.1409994	222747	2552710	625466
2	1.1	20	0.5	38	117.3683062	224408	2629560	643905
2	1	20	0.5	39	133.0077514	233796	2752730	664819
2	0.9	20	0.5	41	149.0811108	248054	2905780	703731
2	0.8	20	0.5	42	165.5777113	253506	2986570	727308
2	0.7	20	0.5	44	182.516715	282394	3225300	772361
2	0.6	20	0.5	45	199.9291056	288666	3384680	794165
2	0.5	20	0.5	47	217.849322	307278	3593790	835329
2	0.4	20	0.5	49	236.3317975	325120	3800740	879537
2	0.3	20	0.5	51	255.4642384	343422	4046300	925020
2	0.2	20	0.5	55	275.4046089	393854	4498640	1015483
2	1.8	10	0.25	24	19.60252445	258399	2799640	714710
2	1.7	10	0.25	27	31.35772495	308908	3329510	828677
2	1.6	10	0.25	29	43.85438216	354895	3758020	904208
2	1.5	10	0.25	31	56.96273254	415308	4242200	990568
2	1.4	10	0.25	32	70.62442641	410310	4582380	1038082
2	1.3	10	0.25	34	84.79369677	477809	5050610	1125068
2	1.2	10	0.25	36	99.43826112	554738	5571790	1208670
2	1.1	10	0.25	37	114.5522344	530398	5937730	1251895
2	1	10	0.25	39	130.1314282	582671	6533420	1331791
2	0.9	10	0.25	41	146.1687952	638395	6850370	1422732
2	0.8	10	0.25	43	162.6777149	685588	7380470	1505503
2	0.7	10	0.25	44	179.6841976	704301	7991570	1562238
2	0.6	10	0.25	47	197.2102714	808084	8671310	1679749
2	0.5	10	0.25	49	215.3073297	861181	9598670	1759030
2	0.4	10	0.25	51	234.0281522	923102	10422190	1851773
2	0.3	10	0.25	55	253.4877797	1083769	11962220	2040232
2	0.2	10	0.25	59	273.8567325	1226893	13951210	2227665
2	1.8	5	0.125	20	18.23366373	914094	6129750	1330535
2	1.7	5	0.125	23	29.48892733	1189098	8212300	1602992
2	1.6	5	0.125	25	41.54701418	1101933	9804440	1769249
2	1.5	5	0.125	27	54.27175152	1439058	11738280	1975060
2	1.4	5	0.125	30	67.60161361	1997314	14030070	2239783
2	1.3	5	0.125	32	81.49046451	1828295	15745980	2388465
2	1.2	5	0.125	34	95.90963073	2204948	17932210	2577282
2	1.1	5	0.125	36	110.846242	2389720	20305110	2773235
2	1	5	0.125	38	126.2956154	2644415	23112960	2974750
2	0.9	5	0.125	40	142.2613432	2595475	25497150	3141574
2	0.8	5	0.125	43	158.7620257	3333785	29516860	3436108
2	0.7	5	0.125	45	175.8191151	3246975	33271420	3623429
2	0.6	5	0.125	48	193.4701096	3431201	36741400	3858899
2	0.5	5	0.125	51	211.7653312	3991800	42586430	4145839
2	0.4	5	0.125	55	230.789819	4637229	48425780	4438529
2	0.3	5	0.125	60	250.6675284	6479340	59260650	4946447
2	0.2	5	0.125	66	271.6107105	25759483	183066420	5495822
2	1.8	2.5	0.0625	15	16.64616176	6174987	24696950	2437254
2	1.7	2.5	0.0625	18	27.28908569	8197508	34762650	3011111
2	1.6	2.5	0.0625	20	38.7867045	8764385	42679190	3483788
2	1.5	2.5	0.0625	23	51.01577794	9981791	54390190	4112795
2	1.4	2.5	0.0625	26	63.88827256	10765449	70227380	4685464
2	1.3	2.5	0.0625	28	77.37676	16925774	108201380	5126261
2	1.2	2.5	0.0625	31	91.44326133	51533692	345198250	5558634
2	1.1	2.5	0.0625	33	106.0860626	27621373	194007040	5686657
2	1	2.5	0.0625	36	121.3049174	15368525	112803780	6115355
2	0.9	2.5	0.0625	39	137.107919	23420509	155747560	6791539
2	0.8	2.5	0.0625	42	153.5150347	27188484	189907630	7432323
2	0.7	2.5	0.0625	46	170.5675325	27646102	216228040	8115899
2	0.6	2.5	0.0625	50	188.306891	35580798	269331830	8940216
2	0.5	2.5	0.0625	54	206.8094172	41856644	322301700	9708721
2	0.4	2.5	0.0625	59	226.1775612	40720925	320924620	9854193
2	0.3	2.5	0.0625	66	246.5794759	78855516	530143180	10921414
2	0.2	2.5	0.0625	75	268.2888046	12	130	14009964
2	1.8	100	2	39	29.03677742	60561	723230	245432
2	1.7	100	2	41	45.32569456	85345	1022310	257663
2	1.6	100	2	43	62.27313444	91367	1094570	268231
2	1.5	100	2	44	79.77871967	90798	1087710	276607
2	1.4	100	2	45	97.7694262	95558	1144250	283069
2	1.3	100	2	46	116.2114935	98978	1179880	290554
2	1.2	100	2	48	135.0883654	110591	1324270	308073
2	1.1	100	2	49	154.3809672	102367	1221670	309782
2	1	100	2	50	174.0795729	107927	1293210	315925
2	0.9	100	2	51	194.1848199	113362	1357510	323988
2	0.8	100	2	52	214.7031233	116201	1390960	330426
2	0.7	100	2	53	235.6466085	115706	1384590	338437
2	0.6	100	2	54	257.0360292	114716	1371380	345805
2	0.5	100	2	56	278.9124283	120088	1435690	358963
2	0.4	100	2	57	301.3252246	129527	1544650	366759
2	0.3	100	2	59	324.3517746	128519	1539650	379236
2	0.2	100	2	61	348.1276851	134213	1607260	394542
2	1.8	50	1	38	28.289205	121746	1455190	351511
2	1.7	50	1	40	44.32162562	123295	1473730	373203
2	1.6	50	1	42	61.05419065	130408	1547290	397884
2	1.5	50	1	43	78.38214648	135894	1612010	409414
2	1.4	50	1	45	96.22759301	139761	1667090	430405
2	1.3	50	1	46	114.5666323	143838	1717160	440637
2	1.2	50	1	47	133.3557538	148766	1766140	453068
2	1.1	50	1	48	152.5820622	150422	1787830	465566
2	1	50	1	50	172.2494817	159042	1886030	484798
2	0.9	50	1	51	192.3550021	157739	1876450	497663
2	0.8	50	1	52	212.8967568	164027	1951770	509176
2	0.7	50	1	54	233.8878959	172564	2041290	533537
2	0.6	50	1	55	255.377376	172611	2053610	542560
2	0.5	50	1	57	277.3691497	182556	2137000	570673
2	0.4	50	1	58	299.9464275	182706	2174590	579990
2	0.3	50	1	60	323.1792529	191641	2278140	604692
2	0.2	50	1	63	347.2277349	202192	2396150	639779
2	1.8	25	0.5	35	27.30181862	184548	2181010	543171
2	1.7	25	0.5	38	42.99601183	202508	2358400	604588
2	1.6	25	0.5	40	59.44839938	217894	2566570	638306
2	1.5	25	0.5	42	76.53652346	236861	2749690	683018
2	1.4	25	0.5	43	94.18994741	241544	2833180	702598
2	1.3	25	0.5	45	112.37272	256281	3025210	739161
2	1.2	25	0.5	46	131.0379351	270585	3167870	765139
2	1.1	25	0.5	48	150.1955115	280765	3320540	800193
2	1	25	0.5	49	169.8099787	294783	3464800	828384
2	0.9	25	0.5	51	189.9087096	313693	3669350	867618
2	0.8	25	0.5	53	210.4737702	334158	3809890	912057
2	0.7	25	0.5	54	231.5487224	344730	3998010	934618
2	0.6	25	0.5	56	253.1424014	353311	4116430	973834
2	0.5	25	0.5	58	275.3002904	374878	4414240	1014172
2	0.4	25	0.5	60	298.0860577	400758	4650080	1063469
2	0.3	25	0.5	63	321.5960611	427348	4967540	1126840
2	0.2	25	0.5	66	345.9995346	461267	5394520	1193954
2	1.8	12.5	0.25	32	26.03972616	385719	3896720	957690
2	1.7	12.5	0.25	35	41.28493146	440846	4610450	1077221
2	1.6	12.5	0.25	37	57.36104595	512492	5199280	1168899
2	1.5	12.5	0.25	39	74.13008149	521276	5813870	1245054
2	1.4	12.5	0.25	41	91.52020389	554014	6305030	1327471
2	1.3	12.5	0.25	43	109.4839801	597568	6768980	1409563
2	1.2	12.5	0.25	45	127.9897541	660503	7360220	1496490
2	1.1	12.5	0.25	47	147.0199597	711041	7786540	1580173
2	1	12.5	0.25	49	166.5670844	754890	8467690	1657893
2	0.9	12.5	0.25	51	186.633691	832115	9046930	1740759
2	0.8	12.5	0.25	53	207.2306208	871732	9750940	1816828
2	0.7	12.5	0.25	55	228.3775922	951406	10645780	1915187
2	0.6	12.5	0.25	57	250.1041053	1033522	11369770	2014354
2	0.5	12.5	0.25	60	272.4666791	1098137	12416050	2137784
2	0.4	12.5	0.25	63	295.5279628	1264422	13760030	2275502
2	0.3	12.5	0.25	66	319.40223	1338101	15198340	2416503
2	0.2	12.5	0.25	71	344.2877802	1553822	17627240	2627752
2	1.8	6.25	0.125	27	24.45652311	1275825	9752000	1799403
2	1.7	6.25	0.125	30	39.12118646	1635016	12769150	2084102
2	1.6	6.25	0.125	33	54.69508436	1977123	15091050	2339499
2	1.5	6.25	0.125	36	71.0329283	2123244	17998900	2588393
2	1.4	6.25	0.125	38	88.05044273	2385711	20577220	2806936
2	1.3	6.25	0.125	41	105.7020425	2880092	24070120	3076509
2	1.2	6.25	0.125	43	123.9538156	3078659	26963990	3280594
2	1.1	6.25	0.125	46	142.7862923	3383385	30453630	3533253
2	1	6.25	0.125	48	162.2041873	3518562	33482120	3709881
2	0.9	6.25	0.125	51	182.1983911	3869045	38034240	3976376
2	0.8	6.25	0.125	53	202.79604	4198335	40612050	4103410
2	0.7	6.25	0.125	56	224.0157951	4482901	45001890	4355058
2	0.6	6.25	0.125	59	245.8964191	4878261	49818010	4589213
2	0.5	6.25	0.125	63	268.5007908	23157052	165797090	4960692
2	0.4	6.25	0.125	67	291.913801	21852534	161955140	5193146
2	0.3	6.25	0.125	72	316.273094	7169562	74634090	5644179
2	0.2	6.25	0.125	79	341.8083035	16786947	139332310	6636022
2	1.8	3.125	0.0625	21	22.56992185	14030187	57524540	3439091
2	1.7	3.125	0.0625	24	36.50868226	23121727	175785160	4080019
2	1.6	3.125	0.0625	28	51.42809779	31388865	248461770	4916437
2	1.5	3.125	0.0625	31	67.18256184	36470212	301179020	5361718
2	1.4	3.125	0.0625	34	83.68221602	22400102	140415360	5743493
2	1.3	3.125	0.0625	37	100.8777305	30378951	203713230	6223386
2	1.2	3.125	0.0625	40	118.7410309	34390528	242814720	6912978
2	1.1	3.125	0.0625	43	137.2588705	38347483	290193650	7525258
2	1	3.125	0.0625	46	156.4292591	42431657	340132470	7960807
2	0.9	3.125	0.0625	49	176.2603234	46984145	382583390	8509176
2	0.8	3.125	0.0625	53	196.7821433	50502410	423138310	9031847
2	0.7	3.125	0.0625	57	218.0233601	50507319	422164950	9814858
2	0.6	3.125	0.0625	61	240.0396512	35137023	336418250	10457288
2	0.5	3.125	0.0625	66	262.9058586	31151021	340958860	10654828
2	0.4	3.125	0.0625	72	286.7405428	39030052	398277340	11483877
2	0.3	3.125	0.0625	79	311.7150837	189883685	922418700	12422272
2	0.2	3.125	0.0625	89	338.1357022	18	190	16431357
