r	c	alpha	beta	M	Q_A2m	Pi_A2m	Time_A2m	CPUTime_A2m	Comp_A2m
2	1.8	20	2	2	5	3.3576972	3242	5320	490
2	1.7	20	2	2	6	5.7309963	550	5710	719
2	1.6	20	2	2	7	8.358229	657	7430	1020
2	1.5	20	2	2	7	11.206972	732	7620	1082
2	1.4	20	2	2	8	14.291274	1016	10740	1412
2	1.3	20	2	2	8	17.542995	1241	12910	1656
2	1.2	20	2	2	9	21.001896	1689	16140	2065
2	1.1	20	2	2	9	24.624565	1787	17270	2255
2	1	20	2	2	10	28.436635	2389	23380	2812
2	0.9	20	2	2	10	32.430724	2795	27810	3179
2	0.8	20	2	2	11	36.607512	3755	37380	3899
2	0.7	20	2	2	11	40.983519	4334	44660	4165
2	0.6	20	2	2	12	45.565015	5591	55850	5045
2	0.5	20	2	2	12	50.351384	6819	69400	5796
2	0.4	20	2	2	13	55.415302	9147	94740	7084
2	0.3	20	2	2	14	60.757637	12437	129360	8656
2	0.2	20	2	2	15	66.457078	17935	189010	10950
2	1.8	10	1	2	5	3.0447167	239	2870	475
2	1.7	10	1	2	5	5.2499819	277	3330	538
2	1.6	10	1	2	6	7.8150267	476	5720	873
2	1.5	10	1	2	7	10.610915	737	8300	1208
2	1.4	10	1	2	7	13.582423	818	9790	1290
2	1.3	10	1	2	8	16.817253	1214	13190	1729
2	1.2	10	1	2	8	20.181356	1436	15460	1980
2	1.1	10	1	2	9	23.822652	2163	22120	2702
2	1	10	1	2	9	27.571749	2469	26050	2950
2	0.9	10	1	2	10	31.594646	3421	35220	3721
2	0.8	10	1	2	11	35.780089	4982	51050	4841
2	0.7	10	1	2	11	40.159803	5837	60800	5312
2	0.6	10	1	2	12	44.783731	8312	86260	6693
2	0.5	10	1	2	13	49.631221	11792	123630	8477
2	0.4	10	1	2	14	54.745369	16394	173390	10404
2	0.3	10	1	2	15	60.179473	24616	264710	13606
2	0.2	10	1	2	16	66.005865	37848	412330	17657
2	1.8	5	0.5	2	4	2.5806367	117	1400	271
2	1.7	5	0.5	2	5	4.7035265	229	2750	500
2	1.6	5	0.5	2	5	7.0589555	4047	7720	591
2	1.5	5	0.5	2	6	9.7808709	627	4160	938
2	1.4	5	0.5	2	7	12.729736	849	10200	1398
2	1.3	5	0.5	2	7	15.811027	1552	15570	1523
2	1.2	5	0.5	2	8	19.210409	1763	14340	2214
2	1.1	5	0.5	2	9	22.781187	5190	30870	3045
2	1	5	0.5	2	9	26.514847	4226	32280	3415
2	0.9	5	0.5	2	10	30.509599	4533	48190	4403
2	0.8	5	0.5	2	11	34.703409	7146	73800	5956
2	0.7	5	0.5	2	11	39.086751	8590	90200	6678
2	0.6	5	0.5	2	12	43.751465	13144	139500	8813
2	0.5	5	0.5	2	13	48.665375	21539	214710	11397
2	0.4	5	0.5	2	14	53.865909	29051	315320	14537
2	0.3	5	0.5	2	16	59.416555	53114	586800	21173
2	0.2	5	0.5	2	17	65.392713	84336	945850	27920
2	1.8	2.5	0.25	2	2	1.8556819	39	460	86
2	1.7	2.5	0.25	2	3	3.7282432	79	940	193
2	1.6	2.5	0.25	2	4	6.0695768	157	1890	363
2	1.5	2.5	0.25	2	5	8.7089738	332	3990	680
2	1.4	2.5	0.25	2	6	11.581268	1487	10860	1055
2	1.3	2.5	0.25	2	6	14.539311	843	10100	1219
2	1.2	2.5	0.25	2	7	17.887101	1427	16670	1900
2	1.1	2.5	0.25	2	8	21.434348	2403	26460	2730
2	1	2.5	0.25	2	9	25.180631	3919	42460	3845
2	0.9	2.5	0.25	2	9	29.056544	4832	51490	4298
2	0.8	2.5	0.25	2	10	33.270155	7755	81730	5842
2	0.7	2.5	0.25	2	11	37.713387	12599	137910	7996
2	0.6	2.5	0.25	2	12	42.398961	19280	210490	10565
2	0.5	2.5	0.25	2	14	47.415914	38367	426550	16383
2	0.4	2.5	0.25	2	15	52.697548	59574	669290	21474
2	0.3	2.5	0.25	2	17	58.390169	112397	1273800	31836
2	0.2	2.5	0.25	2	19	64.555353	227526	2441620	46865
2	1.8	1.25	0.125	2	1	0.97222736	19	230	28
2	1.7	1.25	0.125	2	2	2.7032536	38	450	91
2	1.6	1.25	0.125	2	2	4.4667179	54	650	127
2	1.5	1.25	0.125	2	3	7.0349728	120	1440	273
2	1.4	1.25	0.125	2	4	9.8520692	254	3040	496
2	1.3	1.25	0.125	2	5	12.969916	592	7120	898
2	1.2	1.25	0.125	2	5	15.936115	808	9680	1097
2	1.1	1.25	0.125	2	6	19.480873	1649	19380	1801
2	1	1.25	0.125	2	7	23.225332	2818	31380	2669
2	0.9	1.25	0.125	2	8	27.191817	5096	56050	3920
2	0.8	1.25	0.125	2	10	31.53816	11730	128880	6897
2	0.7	1.25	0.125	2	11	35.947716	19407	215490	9489
2	0.6	1.25	0.125	2	12	40.6432	30593	342600	12625
2	0.5	1.25	0.125	2	14	45.717191	60438	684140	19761
2	0.4	1.25	0.125	2	16	51.125147	117954	1348700	30056
2	0.3	1.25	0.125	2	19	56.97681	266096	3038440	50251
2	0.2	1.25	0.125	2	23	63.384102	668453	7777450	89748
2	1.8	0.625	0.0625	2	0	0	1	20	4
2	1.7	0.625	0.0625	2	0	0	1	20	4
2	1.6	0.625	0.0625	2	1	2.8363405	58	680	48
2	1.5	0.625	0.0625	2	1	4.5903133	44	520	77
2	1.4	0.625	0.0625	2	2	7.6324815	1555	5280	215
2	1.3	0.625	0.0625	2	3	10.778548	379	4550	446
2	1.2	0.625	0.0625	2	3	13.441785	434	5220	560
2	1.1	0.625	0.0625	2	4	16.983912	952	11420	1001
2	1	0.625	0.0625	2	5	20.740131	2265	27180	1771
2	0.9	0.625	0.0625	2	6	24.602599	4175	48160	2639
2	0.8	0.625	0.0625	2	8	29.028096	10887	122930	5194
2	0.7	0.625	0.0625	2	9	33.356778	18856	215800	7305
2	0.6	0.625	0.0625	2	11	38.239658	42593	487000	12505
2	0.5	0.625	0.0625	2	14	43.44267	104212	1183530	23289
2	0.4	0.625	0.0625	2	17	48.959213	238068	2756990	40422
2	0.3	0.625	0.0625	2	21	54.9653	591306	6897790	74176
2	0.2	0.625	0.0625	2	26	61.638813	1578750	18524780	139608
2	1.8	40	2	2	13	9.2097899	7333	51870	5027
2	1.7	40	2	2	14	14.859214	8219	73110	6477
2	1.6	40	2	2	15	20.922275	10541	97490	7860
2	1.5	40	2	2	16	27.330289	16576	131640	9277
2	1.4	40	2	2	17	34.041957	16885	158720	11080
2	1.3	40	2	2	18	41.025387	20807	203870	12856
2	1.2	40	2	2	18	48.274612	28090	234930	13806
2	1.1	40	2	2	19	55.804711	28466	286670	15865
2	1	40	2	2	20	63.577157	34777	355640	18218
2	0.9	40	2	2	20	71.602422	41893	412700	19512
2	0.8	40	2	2	21	79.912409	47499	493960	22043
2	0.7	40	2	2	22	88.482382	58198	610550	25149
2	0.6	40	2	2	23	97.332406	71599	760630	28817
2	0.5	40	2	2	23	106.48867	88686	882120	30863
2	0.4	40	2	2	24	116.00315	104210	1126740	36127
2	0.3	40	2	2	26	125.92467	140662	1534030	43621
2	0.2	40	2	2	27	136.32827	186335	2057730	51740
2	1.8	20	1	2	12	8.7157315	4190	35550	4265
2	1.7	20	1	2	14	14.213615	7532	68710	6588
2	1.6	20	1	2	15	20.134993	10117	95460	8138
2	1.5	20	1	2	16	26.416921	13698	133200	10129
2	1.4	20	1	2	16	33.006834	15662	154660	10914
2	1.3	20	1	2	17	39.932644	20440	203870	12919
2	1.2	20	1	2	18	47.13954	26539	270750	15384
2	1.1	20	1	2	19	54.622291	34688	358110	18569
2	1	20	1	2	20	62.372039	44825	469720	21934
2	0.9	20	1	2	20	70.392224	50748	534180	23364
2	0.8	20	1	2	21	78.713775	64662	691680	27277
2	0.7	20	1	2	22	87.323061	85995	904200	32139
2	0.6	20	1	2	23	96.235324	105818	1135490	36516
2	0.5	20	1	2	24	105.48097	135488	1491090	43243
2	0.4	20	1	2	25	115.09557	174178	1934080	50025
2	0.3	20	1	2	27	125.13982	256727	2862310	63528
2	0.2	20	1	2	28	135.71623	354682	4009010	77079
2	1.8	10	0.5	2	11	8.0644789	2903	23450	3420
2	1.7	10	0.5	2	12	13.318349	5086	43320	4783
2	1.6	10	0.5	2	13	19.042623	6796	65190	6175
2	1.5	10	0.5	2	14	25.17241	10019	98400	8034
2	1.4	10	0.5	2	15	31.663387	14622	145040	10394
2	1.3	10	0.5	2	16	38.4828	19907	205060	12592
2	1.2	10	0.5	2	17	45.614544	27686	286680	15574
2	1.1	10	0.5	2	18	53.045921	38296	402790	19303
2	1	10	0.5	2	19	60.77529	51717	552030	23349
2	0.9	10	0.5	2	20	68.798942	67138	723140	27355
2	0.8	10	0.5	2	21	77.127425	90207	978030	32663
2	0.7	10	0.5	2	22	85.77169	119324	1315850	38879
2	0.6	10	0.5	2	23	94.747691	160711	1778100	46381
2	0.5	10	0.5	2	25	104.11209	235328	2647350	59122
2	0.4	10	0.5	2	26	113.8571	319472	3575860	70042
2	0.3	10	0.5	2	28	124.08447	478835	5475620	90186
2	0.2	10	0.5	2	30	134.88851	759539	8736220	118505
2	1.8	5	0.25	2	9	7.1488245	1426	11150	1968
2	1.7	5	0.25	2	10	12.088729	4512	28480	3025
2	1.6	5	0.25	2	11	17.581707	4461	44590	4313
2	1.5	5	0.25	2	13	23.625709	10755	85240	6886
2	1.4	5	0.25	2	14	29.956926	12693	126730	9196
2	1.3	5	0.25	2	15	36.636382	18781	196320	11798
2	1.2	5	0.25	2	16	43.648591	27206	285380	14765
2	1.1	5	0.25	2	17	50.997447	39346	423100	18845
2	1	5	0.25	2	19	58.736892	66661	725980	26257
2	0.9	5	0.25	2	20	66.731149	92038	996780	31510
2	0.8	5	0.25	2	21	75.056638	129008	1394390	38367
2	0.7	5	0.25	2	22	83.721774	169710	1908780	46230
2	0.6	5	0.25	2	24	92.8078	267232	3032230	61107
2	0.5	5	0.25	2	26	102.27642	413418	4732060	79985
2	0.4	5	0.25	2	28	112.1904	636154	7324540	102879
2	0.3	5	0.25	2	30	122.63084	988801	11459230	134230
2	0.2	5	0.25	2	33	133.73749	1753426	20358440	187529
2	1.8	2.5	0.125	2	6	5.737888	1210	7700	769
2	1.7	2.5	0.125	2	7	10.265102	1044	11730	1364
2	1.6	2.5	0.125	2	9	15.651626	2384	24190	2686
2	1.5	2.5	0.125	2	10	21.312939	4144	43770	3899
2	1.4	2.5	0.125	2	12	27.613007	8898	92290	6747
2	1.3	2.5	0.125	2	13	34.105642	14303	151120	9094
2	1.2	2.5	0.125	2	14	40.958005	21944	233830	11691
2	1.1	2.5	0.125	2	16	48.326167	40203	435450	17550
2	1	2.5	0.125	2	17	55.894454	60665	654820	22397
2	0.9	2.5	0.125	2	19	63.93301	108560	1150580	31602
2	0.8	2.5	0.125	2	21	72.305689	178359	1931840	43458
2	0.7	2.5	0.125	2	22	80.9734	238658	2702070	52954
2	0.6	2.5	0.125	2	25	90.177131	440079	5044050	77714
2	0.5	2.5	0.125	2	27	99.761851	696745	8051570	102719
2	0.4	2.5	0.125	2	30	109.87447	1213884	14119110	144367
2	0.3	2.5	0.125	2	33	120.58502	2112487	24708470	200958
2	0.2	2.5	0.125	2	38	132.0871	4473253	52566830	316408
2	1.8	1.25	0.0625	2	3	3.5910058	97	710	164
2	1.7	1.25	0.0625	2	4	7.6783091	283	3330	422
2	1.6	1.25	0.0625	2	5	12.363524	585	6980	779
2	1.5	1.25	0.0625	2	7	18.160336	1774	20480	1872
2	1.4	1.25	0.0625	2	8	23.917724	3382	37570	2860
2	1.3	1.25	0.0625	2	10	30.513105	7788	80830	5115
2	1.2	1.25	0.0625	2	11	37.091737	12582	137110	6998
2	1.1	1.25	0.0625	2	13	44.43656	27304	302210	11651
2	1	1.25	0.0625	2	15	52.060655	51964	579340	17934
2	0.9	1.25	0.0625	2	17	60.04503	95363	1075500	26495
2	0.8	1.25	0.0625	2	19	68.384616	166083	1893010	37705
2	0.7	1.25	0.0625	2	22	77.252776	330177	3779060	58443
2	0.6	1.25	0.0625	2	24	86.419863	548664	6241870	79166
2	0.5	1.25	0.0625	2	28	96.242617	1113418	12981650	125660
2	0.4	1.25	0.0625	2	32	106.58756	2174943	25473670	191122
2	0.3	1.25	0.0625	2	37	117.64527	4494040	52849220	300679
2	0.2	1.25	0.0625	2	44	129.64235	10786618	127404110	515207
2	1.8	60	2	2	22	15.563806	41244	401290	21212
2	1.7	60	2	2	23	24.679777	52202	523160	24582
2	1.6	60	2	2	24	34.297437	72839	687200	28921
2	1.5	60	2	2	25	44.345022	85539	851040	33078
2	1.4	60	2	2	26	54.777361	97554	1015120	36528
2	1.3	60	2	2	27	65.560805	117239	1220310	40650
2	1.2	60	2	2	28	76.676243	142515	1463220	45550
2	1.1	60	2	2	29	88.111004	170205	1757360	51368
2	1	60	2	2	30	99.858051	195784	2103480	57375
2	0.9	60	2	2	31	111.91864	232333	2499200	63673
2	0.8	60	2	2	31	124.30226	251820	2763580	66996
2	0.7	60	2	2	32	137.02677	299516	3298630	74532
2	0.6	60	2	2	33	150.09917	354899	3942610	82979
2	0.5	60	2	2	34	163.54491	419656	4680240	91519
2	0.4	60	2	2	36	177.41053	526463	5921590	105292
2	0.3	60	2	2	37	191.7636	665115	7485150	121474
2	0.2	60	2	2	39	206.70023	869599	9867980	141995
2	1.8	30	1	2	20	14.938282	32490	294650	17821
2	1.7	30	1	2	22	23.852394	47747	478090	24011
2	1.6	30	1	2	23	33.286322	61814	629860	28142
2	1.5	30	1	2	25	43.203855	89265	910500	35422
2	1.4	30	1	2	26	53.516542	113033	1164450	41140
2	1.3	30	1	2	27	64.206448	143273	1479400	47415
2	1.2	30	1	2	28	75.250579	166906	1788920	52627
2	1.1	30	1	2	29	86.63843	205798	2213650	59702
2	1	30	1	2	30	98.367458	249085	2753370	68199
2	0.9	30	1	2	30	110.40936	280510	3085810	71949
2	0.8	30	1	2	31	122.82519	341092	3786270	81374
2	0.7	30	1	2	33	135.61539	443071	4986880	96413
2	0.6	30	1	2	34	148.76132	534839	6045300	107047
2	0.5	30	1	2	35	162.30964	661414	7481210	121230
2	0.4	30	1	2	36	176.29972	818668	9353170	137667
2	0.3	30	1	2	38	190.82179	1099476	12613670	163630
2	0.2	30	1	2	40	205.97293	1531120	17651590	198630
2	1.8	15	0.5	2	19	14.140246	23212	222760	15305
2	1.7	15	0.5	2	20	22.747141	36780	353750	19622
2	1.6	15	0.5	2	22	31.986449	57759	580610	26777
2	1.5	15	0.5	2	23	41.683224	75621	785400	31769
2	1.4	15	0.5	2	24	51.818761	98793	1051970	37643
2	1.3	15	0.5	2	26	62.42361	143883	1562760	47824
2	1.2	15	0.5	2	27	73.369586	179749	1973520	54098
2	1.1	15	0.5	2	28	84.691349	233846	2586650	63820
2	1	15	0.5	2	29	96.381155	300675	3352290	74023
2	0.9	15	0.5	2	30	108.4343	375356	4212730	84436
2	0.8	15	0.5	2	32	120.89956	514297	5822110	102897
2	0.7	15	0.5	2	33	133.72268	639224	7271490	116544
2	0.6	15	0.5	2	34	146.94614	801436	9149880	132331
2	0.5	15	0.5	2	36	160.63845	1093373	12578170	160086
2	0.4	15	0.5	2	38	174.80836	1515484	17536690	194375
2	0.3	15	0.5	2	40	189.54549	2110298	24527690	236019
2	0.2	15	0.5	2	43	204.98248	3273378	38223550	305201
2	1.8	7.5	0.25	2	16	13.02862	12293	115710	9743
2	1.7	7.5	0.25	2	18	21.317538	23372	234410	14867
2	1.6	7.5	0.25	2	20	30.273741	41380	433430	21571
2	1.5	7.5	0.25	2	21	39.714253	60026	640060	26945
2	1.4	7.5	0.25	2	23	49.707689	100086	1037040	35943
2	1.3	7.5	0.25	2	24	60.083944	130188	1425900	43085
2	1.2	7.5	0.25	2	26	70.944412	196800	2191780	55403
2	1.1	7.5	0.25	2	27	82.16185	263096	2941000	65546
2	1	7.5	0.25	2	29	93.821648	389218	4355650	82905
2	0.9	7.5	0.25	2	30	105.84824	506230	5635720	96119
2	0.8	7.5	0.25	2	32	118.32009	714196	8136680	119461
2	0.7	7.5	0.25	2	33	131.18359	915271	10481660	137522
2	0.6	7.5	0.25	2	35	144.53625	1286400	14849490	169060
2	0.5	7.5	0.25	2	37	158.37068	1807413	20974530	206423
2	0.4	7.5	0.25	2	40	172.76569	2780594	32448130	267359
2	0.3	7.5	0.25	2	43	187.78836	4314537	50506410	345826
2	0.2	7.5	0.25	2	46	203.59961	6769308	79526110	449868
2	1.8	3.75	0.125	2	12	11.34147	4243	38060	4423
2	1.7	3.75	0.125	2	14	19.16621	9821	98820	7826
2	1.6	3.75	0.125	2	16	27.737159	19091	198050	12086
2	1.5	3.75	0.125	2	18	36.975356	37540	394960	18452
2	1.4	3.75	0.125	2	20	46.740933	65795	715510	26558
2	1.3	3.75	0.125	2	22	56.977905	110124	1211840	36228
2	1.2	3.75	0.125	2	23	67.557526	152546	1689080	43844
2	1.1	3.75	0.125	2	25	78.719421	247675	2729330	58440
2	1	3.75	0.125	2	27	90.310162	376538	4266770	76312
2	0.9	3.75	0.125	2	29	102.33338	571846	6484500	97769
2	0.8	3.75	0.125	2	31	114.80211	829541	9572740	123148
2	0.7	3.75	0.125	2	34	127.7944	1369700	15906710	167684
2	0.6	3.75	0.125	2	36	141.2346	1967020	22854890	206317
2	0.5	3.75	0.125	2	39	155.26241	3085387	36100620	271169
2	0.4	3.75	0.125	2	42	169.89993	4781952	56131400	351748
2	0.3	3.75	0.125	2	47	185.29999	8722960	102765600	505777
2	0.2	3.75	0.125	2	52	201.61345	15643817	184799720	713229
2	1.8	1.875	0.0625	2	7	8.6599128	891	7470	1192
2	1.7	1.875	0.0625	2	9	15.788759	4609	28030	2606
2	1.6	1.875	0.0625	2	11	23.863161	6988	68230	4917
2	1.5	1.875	0.0625	2	13	32.681473	13299	139840	8264
2	1.4	1.875	0.0625	2	16	42.449448	33559	363640	15472
2	1.3	1.875	0.0625	2	18	52.435002	66704	704080	22744
2	1.2	1.875	0.0625	2	20	62.901431	109313	1226170	32197
2	1.1	1.875	0.0625	2	22	73.867607	186816	2118340	44794
2	1	1.875	0.0625	2	25	85.482608	350181	3976960	66753
2	0.9	1.875	0.0625	2	27	97.39405	546981	6283030	87775
2	0.8	1.875	0.0625	2	30	109.94296	939072	10897000	123047
2	0.7	1.875	0.0625	2	33	122.97477	1593360	18587600	169328
2	0.6	1.875	0.0625	2	37	136.62662	2845062	33334740	243472
2	0.5	1.875	0.0625	2	41	150.87002	4926193	57927760	340095
2	0.4	1.875	0.0625	2	46	165.84738	9018496	106165460	490136
2	0.3	1.875	0.0625	2	52	181.69343	17095017	202217340	722920
2	0.2	1.875	0.0625	2	60	198.66802	36195914	429143080	1135713
2	1.8	80	2	2	30	22.169902	159325	1671200	52937
2	1.7	80	2	2	32	34.8347	211989	2266490	63804
2	1.6	80	2	2	33	48.079827	265746	2790450	71653
2	1.5	80	2	2	35	61.84208	324177	3531380	83202
2	1.4	80	2	2	36	76.040859	385349	4234030	92697
2	1.3	80	2	2	37	90.646539	455621	5007840	102558
2	1.2	80	2	2	38	105.63683	508104	5603740	108006
2	1.1	80	2	2	39	120.99826	590212	6570450	118887
2	1	80	2	2	40	136.72548	691813	7697130	131171
2	0.9	80	2	2	41	152.81956	799992	8975040	144096
2	0.8	80	2	2	42	169.2832	887700	10039780	152722
2	0.7	80	2	2	43	186.1309	1036944	11759970	167680
2	0.6	80	2	2	44	203.38233	1225237	13902760	185953
2	0.5	80	2	2	45	221.06509	1393861	15919810	199345
2	0.4	80	2	2	46	239.21981	1637800	18718570	217875
2	0.3	80	2	2	48	257.9408	2049542	23507150	249382
2	0.2	80	2	2	50	277.32949	2599938	29991130	286088
2	1.8	40	1	2	29	21.449665	141194	1455500	50624
2	1.7	40	1	2	31	33.860819	200459	2121040	62986
2	1.6	40	1	2	32	46.896048	257434	2782390	73619
2	1.5	40	1	2	34	60.495778	339155	3700950	87522
2	1.4	40	1	2	35	74.555504	410859	4539140	97884
2	1.3	40	1	2	36	89.049909	496510	5539780	109666
2	1.2	40	1	2	37	103.95883	578494	6489540	118756
2	1.1	40	1	2	38	119.26876	700579	7903360	134008
2	1	40	1	2	40	134.99523	883787	10013430	154695
2	0.9	40	1	2	41	151.09615	1025645	11633530	167157
2	0.8	40	1	2	42	167.59257	1226336	14010300	187132
2	0.7	40	1	2	43	184.49778	1434509	16447030	203537
2	0.6	40	1	2	44	201.82864	1722623	19800960	227520
2	0.5	40	1	2	46	219.64123	2140448	24718220	257925
2	0.4	40	1	2	47	237.95094	2575347	29797300	285488
2	0.3	40	1	2	49	256.86453	3358377	39023110	335401
2	0.2	40	1	2	52	276.50453	4703261	54845490	409307
2	1.8	20	0.5	2	27	20.502056	107347	1101210	42714
2	1.7	20	0.5	2	29	32.587359	163064	1757540	55802
2	1.6	20	0.5	2	31	45.370718	244428	2677250	71304
2	1.5	20	0.5	2	32	58.712999	311831	3451880	82025
2	1.4	20	0.5	2	34	72.611858	433106	4850570	100170
2	1.3	20	0.5	2	35	86.957476	547236	6143450	113796
2	1.2	20	0.5	2	36	101.74364	665577	7482610	126046
2	1.1	20	0.5	2	38	117.02019	882803	10035580	150225
2	1	20	0.5	2	39	132.68263	1094742	12463910	169973
2	0.9	20	0.5	2	41	148.7991	1412438	16237250	198563
2	0.8	20	0.5	2	42	165.32463	1686807	19449130	219401
2	0.7	20	0.5	2	43	182.28456	2071434	23928240	246640
2	0.6	20	0.5	2	45	199.75591	2671392	31019500	287268
2	0.5	20	0.5	2	47	217.7201	3480249	40546380	335421
2	0.4	20	0.5	2	49	236.24073	4567889	53365730	392649
2	0.3	20	0.5	2	51	255.40531	6088749	71234470	463252
2	0.2	20	0.5	2	54	275.37411	8788195	103225750	573704
2	1.8	10	0.25	2	23	19.212409	58805	588970	27912
2	1.7	10	0.25	2	26	30.926499	115191	1225020	43080
2	1.6	10	0.25	2	28	43.364999	182611	1992880	57125
2	1.5	10	0.25	2	30	56.448096	275605	3063900	73225
2	1.4	10	0.25	2	32	70.101591	403657	4544490	91903
2	1.3	10	0.25	2	33	84.228992	527213	5931190	106200
2	1.2	10	0.25	2	35	98.911837	738550	8428240	130172
2	1.1	10	0.25	2	37	114.0681	1024425	11758400	157869
2	1	10	0.25	2	39	129.68678	1403670	16191500	190715
2	0.9	10	0.25	2	40	145.74054	1745300	20201620	215050
2	0.8	10	0.25	2	42	162.31374	2344999	27195100	256201
2	0.7	10	0.25	2	44	179.37589	3146563	36670410	304302
2	0.6	10	0.25	2	46	196.95542	4182049	48802850	359497
2	0.5	10	0.25	2	49	215.117	5975914	70073790	444210
2	0.4	10	0.25	2	51	233.8858	7947140	93379190	523017
2	0.3	10	0.25	2	55	253.40179	12218536	143805410	674731
2	0.2	10	0.25	2	59	273.81197	18874478	222814330	870855
2	1.8	5	0.125	2	18	17.287211	21437	214610	13964
2	1.7	5	0.125	2	21	28.469043	50921	538950	24303
2	1.6	5	0.125	2	24	40.574294	112746	1163710	38380
2	1.5	5	0.125	2	26	53.276423	183787	1952960	52177
2	1.4	5	0.125	2	28	66.610546	277489	3095760	68162
2	1.3	5	0.125	2	31	80.648581	479356	5452160	95394
2	1.2	5	0.125	2	33	95.115452	707533	8109680	120122
2	1.1	5	0.125	2	35	110.10685	1023233	11770690	148874
2	1	5	0.125	2	37	125.61527	1448877	16755570	183429
2	0.9	5	0.125	2	40	141.6992	2217241	25768530	236537
2	0.8	5	0.125	2	42	158.25874	3039751	35510680	284699
2	0.7	5	0.125	2	45	175.40983	4527312	53038580	360690
2	0.6	5	0.125	2	48	193.13891	6596638	77525080	451682
2	0.5	5	0.125	2	51	211.50619	9548181	112419310	561107
2	0.4	5	0.125	2	55	230.60387	7645787	89205300	721962
2	0.3	5	0.125	2	59	250.54466	22428671	265116660	923202
2	0.2	5	0.125	2	65	271.5441	38958894	461298030	1276911
2	1.8	2.5	0.0625	2	12	14.227564	5007	45970	4600
2	1.7	2.5	0.0625	2	15	24.724488	15581	159430	9782
2	1.6	2.5	0.0625	2	18	36.257887	38227	404740	17908
2	1.5	2.5	0.0625	2	21	48.650595	93430	925150	29769
2	1.4	2.5	0.0625	2	24	61.750687	168594	1884630	46121
2	1.3	2.5	0.0625	2	26	75.29334	276767	3128720	61875
2	1.2	2.5	0.0625	2	29	89.633437	492748	5632360	88538
2	1.1	2.5	0.0625	2	32	104.53803	847773	9770630	123354
2	1	2.5	0.0625	2	35	119.98817	1397340	16194980	167086
2	0.9	2.5	0.0625	2	38	135.99714	2228132	25962320	221619
2	0.8	2.5	0.0625	2	41	152.57952	3434682	40146600	287915
2	0.7	2.5	0.0625	2	45	169.84885	5679523	66655160	390544
2	0.6	2.5	0.0625	2	49	187.75522	9081212	106921340	517237
2	0.5	2.5	0.0625	2	53	206.38298	14180972	167302060	673244
2	0.4	2.5	0.0625	2	59	225.89967	24873004	294194770	943207
2	0.3	2.5	0.0625	2	66	246.40789	45187779	535225300	1349302
2	0.2	2.5	0.0625	2	75	268.19876	25601317	299519180	2028498
2	1.8	100	2	2	39	28.947174	486293	5372720	111837
2	1.7	100	2	2	41	45.208329	640789	7150560	132589
2	1.6	100	2	2	43	62.139644	800925	8989040	152063
2	1.5	100	2	2	44	79.634602	927047	10445010	163983
2	1.4	100	2	2	45	97.621329	1092442	12394070	181793
2	1.3	100	2	2	46	116.06489	1223282	13924000	192255
2	1.2	100	2	2	47	134.94062	1400379	16000370	208586
2	1.1	100	2	2	49	154.2572	1643795	18830340	229410
2	1	100	2	2	50	173.96763	1889724	21718580	251106
2	0.9	100	2	2	51	194.08655	2162365	24908170	272465
2	0.8	100	2	2	52	214.61879	2389713	27621790	286682
2	0.7	100	2	2	53	235.5766	2785855	32216930	315211
2	0.6	100	2	2	54	256.97999	3112395	36088820	333362
2	0.5	100	2	2	56	278.87415	3671967	42698760	367751
2	0.4	100	2	2	57	301.2979	4232388	49325730	397096
2	0.3	100	2	2	59	324.33638	5222320	60985220	451683
2	0.2	100	2	2	61	348.12075	6511982	76271640	512524
2	1.8	50	1	2	38	28.123456	448876	4968330	110668
2	1.7	50	1	2	40	44.101967	618140	6919720	133222
2	1.6	50	1	2	41	60.7847	770221	8645580	150072
2	1.5	50	1	2	43	78.105416	987535	11231760	174819
2	1.4	50	1	2	44	95.932149	1166917	13329390	191053
2	1.3	50	1	2	46	114.28792	1462310	16779150	218890
2	1.2	50	1	2	47	133.08531	1682223	19329560	233917
2	1.1	50	1	2	48	152.32627	2001926	22943110	259362
2	1	50	1	2	50	172.02757	2441370	28269020	294699
2	0.9	50	1	2	51	192.15574	2801246	32378800	315043
2	0.8	50	1	2	52	212.72248	3278736	38103240	347785
2	0.7	50	1	2	53	233.73862	3782662	44106170	376066
2	0.6	50	1	2	55	255.26541	4624831	54062300	424412
2	0.5	50	1	2	56	277.27994	5396954	63218560	462279
2	0.4	50	1	2	58	299.88719	6629251	77792910	519005
2	0.3	50	1	2	60	323.14322	8309707	97735390	591042
2	0.2	50	1	2	63	347.21141	11148933	131457720	701715
2	1.8	25	0.5	2	35	27.049183	341459	3738230	91905
2	1.7	25	0.5	2	37	42.64116	504572	5668400	115735
2	1.6	25	0.5	2	40	59.055894	768193	8725440	149127
2	1.5	25	0.5	2	41	76.087252	962195	10998790	168435
2	1.4	25	0.5	2	43	93.740321	1285697	14785230	199590
2	1.3	25	0.5	2	45	111.92727	1656662	19132310	229993
2	1.2	25	0.5	2	46	130.59786	2022306	23415110	257556
2	1.1	25	0.5	2	48	149.78788	2534263	29458300	292719
2	1	25	0.5	2	49	169.42808	3055029	35612370	326558
2	0.9	25	0.5	2	51	189.57487	3816995	44607560	370903
2	0.8	25	0.5	2	52	210.17188	4493406	52622660	406588
2	0.7	25	0.5	2	54	231.30273	5649591	66319530	464997
2	0.6	25	0.5	2	56	252.94842	7124601	83538030	531693
2	0.5	25	0.5	2	58	275.15417	8915728	105065070	606285
2	0.4	25	0.5	2	60	297.98219	11277851	133141090	694304
2	0.3	25	0.5	2	63	321.53397	15168151	179387940	824222
2	0.2	25	0.5	2	66	345.96786	26195208	203474230	992880
2	1.8	12.5	0.25	2	31	25.637487	324976	2317460	66744
2	1.7	12.5	0.25	2	34	40.791927	568255	4235140	94364
2	1.6	12.5	0.25	2	36	56.776201	855443	6450890	119402
2	1.5	12.5	0.25	2	39	73.545738	1355423	10290260	156870
2	1.4	12.5	0.25	2	41	90.914771	1884674	14371690	188968
2	1.3	12.5	0.25	2	43	108.874	2558165	19561080	225066
2	1.2	12.5	0.25	2	45	127.39731	3442064	26422700	266893
2	1.1	12.5	0.25	2	47	146.45783	4518625	34792230	311787
2	1	12.5	0.25	2	49	166.04677	5896432	45503730	364894
2	0.9	12.5	0.25	2	50	186.12433	7140183	55141130	404244
2	0.8	12.5	0.25	2	53	206.81972	9860742	76372400	491129
2	0.7	12.5	0.25	2	55	228.0261	12644003	98061080	566898
2	0.6	12.5	0.25	2	57	249.81382	16125216	125183970	651732
2	0.5	12.5	0.25	2	60	272.24799	21904402	170267080	780129
2	0.4	12.5	0.25	2	63	295.37263	29680294	230888940	931549
2	0.3	12.5	0.25	2	66	319.30049	40337978	314227320	1108811
2	0.2	12.5	0.25	2	71	344.23748	62035658	484004220	1424666
2	1.8	6.25	0.125	2	25	23.546962	131023	944360	36330
2	1.7	6.25	0.125	2	29	38.175947	311262	2278550	61358
2	1.6	6.25	0.125	2	32	53.721966	573568	4285760	88675
2	1.5	6.25	0.125	2	35	70.079588	962361	7284180	120354
2	1.4	6.25	0.125	2	37	87.073125	1425673	10837090	150853
2	1.3	6.25	0.125	2	40	104.81146	2244854	17179440	197207
2	1.2	6.25	0.125	2	42	123.08337	3123821	24018700	238686
2	1.1	6.25	0.125	2	45	142.0204	4671834	36042890	302447
2	1	6.25	0.125	2	47	161.47516	6270470	48493100	359065
2	0.9	6.25	0.125	2	50	181.57297	9032213	69961110	444821
2	0.8	6.25	0.125	2	53	202.25769	12760541	98566080	544612
2	0.7	6.25	0.125	2	56	223.56147	17770147	138152740	662099
2	0.6	6.25	0.125	2	59	245.5226	24344339	189434490	795021
2	0.5	6.25	0.125	2	62	268.19699	33265356	259243520	950928
2	0.4	6.25	0.125	2	67	291.70751	51095449	398529980	1222385
2	0.3	6.25	0.125	2	72	316.13995	77877489	608067060	1560451
2	0.2	6.25	0.125	2	78	341.73666	36039929	423990610	2062998
2	1.8	3.125	0.0625	2	18	20.279172	23358	237740	14062
2	1.7	3.125	0.0625	2	22	34.134024	70451	758140	28398
2	1.6	3.125	0.0625	2	25	48.938928	146464	1620670	44922
2	1.5	3.125	0.0625	2	29	64.952239	323777	3652710	73364
2	1.4	3.125	0.0625	2	32	81.585495	579324	6617100	103836
2	1.3	3.125	0.0625	2	35	98.949636	981483	11277520	141770
2	1.2	3.125	0.0625	2	38	116.9946	1583045	18341720	189869
2	1.1	3.125	0.0625	2	41	135.70146	2476233	28803100	247374
2	1	3.125	0.0625	2	45	155.16387	4122639	48226440	337320
2	0.9	3.125	0.0625	2	48	175.1531	6086598	71380140	423755
2	0.8	3.125	0.0625	2	52	195.88788	9468628	111420460	552988
2	0.7	3.125	0.0625	2	56	217.30248	14361369	169356240	706409
2	0.6	3.125	0.0625	2	60	239.45926	21297833	251473060	891065
2	0.5	3.125	0.0625	2	66	262.50022	35323210	418010270	1206232
2	0.4	3.125	0.0625	2	72	286.4579	57148382	677150790	1601082
2	0.3	3.125	0.0625	2	79	311.53441	95638099	1134954100	2172674
2	0.2	3.125	0.0625	2	89	338.04156	183196509	2174869800	3193836
