r	c	alpha	beta	M	Q_B4m	Pi_B4m	Time_B4m	CPUTime_B4m	Comp_B4m
2	1.8	20	2	4	5	3.3681387	875	7330	471
2	1.7	20	2	4	6	5.7423636	589	7060	571
2	1.6	20	2	4	7	8.3697811	796	9330	682
2	1.5	20	2	4	7	11.225503	892	10250	692
2	1.4	20	2	4	8	14.302445	1080	12950	772
2	1.3	20	2	4	8	17.566315	1872	14250	817
2	1.2	20	2	4	9	21.023499	1589	16840	922
2	1.1	20	2	4	9	24.639881	6817	24380	891
2	1	20	2	4	10	28.454522	2059	20370	1026
2	0.9	20	2	4	10	32.44364	2301	20940	1041
2	0.8	20	2	4	11	36.615201	2634	28200	1111
2	0.7	20	2	4	11	40.995827	2792	29410	1098
2	0.6	20	2	4	12	45.574266	3391	35900	1223
2	0.5	20	2	4	12	50.356854	3809	41080	1294
2	0.4	20	2	4	13	55.420482	7327	51860	1411
2	0.3	20	2	4	14	60.760874	5881	58050	1559
2	0.2	20	2	4	15	66.458277	10635	83330	1724
2	1.8	10	1	4	5	3.075522	471	3210	482
2	1.7	10	1	4	5	5.2729248	446	5350	520
2	1.6	10	1	4	6	7.8383826	634	7600	626
2	1.5	10	1	4	7	10.63739	906	10270	750
2	1.4	10	1	4	7	13.621238	1014	12160	783
2	1.3	10	1	4	8	16.859072	1395	16170	904
2	1.2	10	1	4	8	20.221433	1474	17140	910
2	1.1	10	1	4	9	23.850837	1966	21000	1036
2	1	10	1	4	9	27.604639	2188	23290	1038
2	0.9	10	1	4	10	31.620728	5723	33580	1162
2	0.8	10	1	4	11	35.803936	3376	36090	1302
2	0.7	10	1	4	11	40.176542	3555	38980	1272
2	0.6	10	1	4	12	44.801586	4618	48890	1446
2	0.5	10	1	4	13	49.645392	5910	62880	1661
2	0.4	10	1	4	14	54.753577	8733	79190	1818
2	0.3	10	1	4	15	60.185563	9552	98760	2017
2	0.2	10	1	4	16	66.009057	12593	135950	2301
2	1.8	5	0.5	4	4	2.6756612	271	3260	381
2	1.7	5	0.5	4	5	4.7827557	428	5150	503
2	1.6	5	0.5	4	5	7.140349	492	5900	534
2	1.5	5	0.5	4	6	9.8663568	1317	12620	682
2	1.4	5	0.5	4	7	12.794778	1146	13640	805
2	1.3	5	0.5	4	7	15.901455	1315	15790	873
2	1.2	5	0.5	4	8	19.281023	1894	21420	1020
2	1.1	5	0.5	4	9	22.830828	2468	26360	1144
2	1	5	0.5	4	9	26.57555	2979	32230	1206
2	0.9	5	0.5	4	10	30.556764	3702	39740	1343
2	0.8	5	0.5	4	11	34.740633	4873	53500	1487
2	0.7	5	0.5	4	11	39.1239	5334	58310	1509
2	0.6	5	0.5	4	12	43.776808	6958	75200	1747
2	0.5	5	0.5	4	13	48.688679	11413	103840	1943
2	0.4	5	0.5	4	14	53.883061	12030	131240	2264
2	0.3	5	0.5	4	16	59.42547	17260	189470	2665
2	0.2	5	0.5	4	17	65.398373	23222	254860	3067
2	1.8	2.5	0.25	4	2	2.0063018	117	1410	154
2	1.7	2.5	0.25	4	3	4.0217835	241	2900	302
2	1.6	2.5	0.25	4	4	6.3307212	403	4820	422
2	1.5	2.5	0.25	4	5	8.942867	745	8820	601
2	1.4	2.5	0.25	4	6	11.779205	1177	14040	750
2	1.3	2.5	0.25	4	6	14.750919	1410	16910	802
2	1.2	2.5	0.25	4	7	18.059696	2138	25490	987
2	1.1	2.5	0.25	4	8	21.570333	5531	38250	1147
2	1	2.5	0.25	4	9	25.294192	4407	45650	1348
2	0.9	2.5	0.25	4	9	29.161945	4882	55710	1374
2	0.8	2.5	0.25	4	10	33.361952	6572	73980	1549
2	0.7	2.5	0.25	4	11	37.776523	8689	92660	1734
2	0.6	2.5	0.25	4	12	42.451631	11793	130170	2024
2	0.5	2.5	0.25	4	14	47.448408	17096	188870	2434
2	0.4	2.5	0.25	4	15	52.720991	22579	249810	2775
2	0.3	2.5	0.25	4	17	58.40268	32049	357310	3387
2	0.2	2.5	0.25	4	19	64.560714	48468	518980	4100
2	1.8	1.25	0.125	4	1	1.3786525	79	940	72
2	1.7	1.25	0.125	4	2	3.1804908	174	2100	169
2	1.6	1.25	0.125	4	2	5.0343054	230	2760	218
2	1.5	1.25	0.125	4	3	7.6696716	485	5800	372
2	1.4	1.25	0.125	4	4	10.450475	883	10590	526
2	1.3	1.25	0.125	4	5	13.471273	3188	24160	708
2	1.2	1.25	0.125	4	5	16.445231	1940	23280	769
2	1.1	1.25	0.125	4	6	19.920505	3172	36880	965
2	1	1.25	0.125	4	7	23.623447	4797	55570	1191
2	0.9	1.25	0.125	4	8	27.519844	6823	78730	1401
2	0.8	1.25	0.125	4	10	31.755397	11652	129500	1732
2	0.7	1.25	0.125	4	11	36.119518	17629	170380	1981
2	0.6	1.25	0.125	4	12	40.779957	20116	227120	2290
2	0.5	1.25	0.125	4	14	45.803445	29336	331350	2816
2	0.4	1.25	0.125	4	16	51.174673	43994	467640	3378
2	0.3	1.25	0.125	4	19	56.995249	61668	694000	4249
2	0.2	1.25	0.125	4	23	63.379835	99169	1113660	5693
2	1.8	0.625	0.0625	4	0	0	2	20	4
2	1.7	0.625	0.0625	4	0	0	98	1080	4
2	1.6	0.625	0.0625	4	1	3.7627709	260	3010	100
2	1.5	0.625	0.0625	4	1	5.592227	294	3520	129
2	1.4	0.625	0.0625	4	2	8.6628167	715	8570	275
2	1.3	0.625	0.0625	4	3	11.796915	1275	15190	468
2	1.2	0.625	0.0625	4	3	14.489291	1612	19180	526
2	1.1	0.625	0.0625	4	4	17.985281	4401	40170	737
2	1	0.625	0.0625	4	5	21.61583	5328	59120	965
2	0.9	0.625	0.0625	4	6	25.447859	8589	98510	1197
2	0.8	0.625	0.0625	4	8	29.698835	13798	160140	1577
2	0.7	0.625	0.0625	4	9	33.946165	18549	213730	1820
2	0.6	0.625	0.0625	4	11	38.685672	29585	331380	2337
2	0.5	0.625	0.0625	4	14	43.732488	53997	534650	3097
2	0.4	0.625	0.0625	4	17	49.137178	69052	778300	3936
2	0.3	0.625	0.0625	4	21	55.050806	110128	1222910	5129
2	0.2	0.625	0.0625	4	26	61.65432	164076	1811130	6769
2	1.8	40	2	4	13	9.2191261	5439	33630	1342
2	1.7	40	2	4	14	14.874022	4381	42420	1507
2	1.6	40	2	4	15	20.940784	5332	50860	1626
2	1.5	40	2	4	16	27.351991	6276	61810	1773
2	1.4	40	2	4	17	34.06474	7275	71780	1875
2	1.3	40	2	4	18	41.050739	8505	84170	2022
2	1.2	40	2	4	18	48.298476	9108	90270	2028
2	1.1	40	2	4	19	55.824871	10408	103070	2134
2	1	40	2	4	20	63.59513	12053	121180	2295
2	0.9	40	2	4	20	71.622645	12250	121980	2205
2	0.8	40	2	4	21	79.929183	14128	142200	2372
2	0.7	40	2	4	22	88.493678	15957	160390	2472
2	0.6	40	2	4	23	97.33941	18394	186180	2665
2	0.5	40	2	4	23	106.49584	20023	205060	2738
2	0.4	40	2	4	24	116.00742	23464	241010	2915
2	0.3	40	2	4	26	125.92625	29245	300510	3242
2	0.2	40	2	4	27	136.32902	36082	376490	3594
2	1.8	20	1	4	12	8.7407483	2920	29090	1325
2	1.7	20	1	4	14	14.244027	4107	39570	1530
2	1.6	20	1	4	15	20.165107	5300	53170	1734
2	1.5	20	1	4	16	26.453683	6576	65660	1906
2	1.4	20	1	4	16	33.053701	9986	76970	1967
2	1.3	20	1	4	17	39.971868	8821	88850	2137
2	1.2	20	1	4	18	47.183096	11370	110050	2293
2	1.1	20	1	4	19	54.661583	12565	126890	2474
2	1	20	1	4	20	62.411974	14416	147590	2614
2	0.9	20	1	4	20	70.43005	15518	160460	2631
2	0.8	20	1	4	21	78.745784	17742	182250	2754
2	0.7	20	1	4	22	87.345799	20544	212100	2942
2	0.6	20	1	4	23	96.254495	24749	258990	3248
2	0.5	20	1	4	24	105.49471	29413	309560	3514
2	0.4	20	1	4	25	115.10526	38273	376140	3847
2	0.3	20	1	4	27	125.14442	44189	472440	4259
2	0.2	20	1	4	28	135.71823	56039	591420	4687
2	1.8	10	0.5	4	11	8.1183606	2437	24290	1213
2	1.7	10	0.5	4	12	13.373958	3439	34520	1400
2	1.6	10	0.5	4	13	19.10446	4656	47130	1580
2	1.5	10	0.5	4	14	25.241845	6175	62020	1807
2	1.4	10	0.5	4	15	31.724466	7608	79270	1970
2	1.3	10	0.5	4	16	38.539379	9658	101190	2162
2	1.2	10	0.5	4	17	45.678212	12035	125560	2436
2	1.1	10	0.5	4	18	53.100201	14596	154220	2618
2	1	10	0.5	4	19	60.831581	18345	187840	2835
2	0.9	10	0.5	4	20	68.851035	20732	221790	3002
2	0.8	10	0.5	4	21	77.17186	24621	261160	3221
2	0.7	10	0.5	4	22	85.806873	29617	316880	3538
2	0.6	10	0.5	4	23	94.778028	34901	376610	3787
2	0.5	10	0.5	4	25	104.13234	45636	494420	4385
2	0.4	10	0.5	4	26	113.8718	53281	579800	4692
2	0.3	10	0.5	4	28	124.09303	74279	752930	5343
2	0.2	10	0.5	4	30	134.89256	94920	1026780	6322
2	1.8	5	0.25	4	9	7.3290627	1867	18610	970
2	1.7	5	0.25	4	10	12.297744	2957	31660	1209
2	1.6	5	0.25	4	11	17.763873	4789	50350	1407
2	1.5	5	0.25	4	13	23.773146	6756	71540	1751
2	1.4	5	0.25	4	14	30.084353	8881	95840	1945
2	1.3	5	0.25	4	15	36.751785	12091	128810	2221
2	1.2	5	0.25	4	16	43.753756	15002	159080	2440
2	1.1	5	0.25	4	17	51.08202	19005	205030	2737
2	1	5	0.25	4	19	58.803525	25665	279080	3147
2	0.9	5	0.25	4	20	66.791018	30714	334820	3365
2	0.8	5	0.25	4	21	75.103995	36980	403160	3614
2	0.7	5	0.25	4	22	83.761574	46738	493020	3995
2	0.6	5	0.25	4	24	92.838827	55967	616000	4505
2	0.5	5	0.25	4	26	102.29702	73640	797530	5182
2	0.4	5	0.25	4	28	112.20325	92954	1029470	5914
2	0.3	5	0.25	4	30	122.63908	119801	1332040	6769
2	0.2	5	0.25	4	33	133.7406	174859	1830120	8132
2	1.8	2.5	0.125	4	6	6.2837075	1048	11370	605
2	1.7	2.5	0.125	4	7	10.886079	1942	22640	832
2	1.6	2.5	0.125	4	9	16.203413	4569	48230	1165
2	1.5	2.5	0.125	4	10	21.849628	5943	65280	1403
2	1.4	2.5	0.125	4	12	28.032615	10156	113710	1787
2	1.3	2.5	0.125	4	13	34.486392	13767	153520	2063
2	1.2	2.5	0.125	4	14	41.297019	17824	197510	2306
2	1.1	2.5	0.125	4	16	48.566022	25605	284750	2723
2	1	2.5	0.125	4	17	56.098191	32768	366250	3079
2	0.9	2.5	0.125	4	19	64.071603	44365	493190	3536
2	0.8	2.5	0.125	4	21	72.397569	58119	651390	4010
2	0.7	2.5	0.125	4	22	81.045157	70279	777430	4437
2	0.6	2.5	0.125	4	25	90.211733	94165	1054810	5362
2	0.5	2.5	0.125	4	27	99.779248	121411	1359070	6124
2	0.4	2.5	0.125	4	30	109.87951	164766	1851420	7244
2	0.3	2.5	0.125	4	33	120.58311	218444	2456040	8676
2	0.2	2.5	0.125	4	38	132.07986	317673	3582770	10638
2	1.8	1.25	0.0625	4	3	4.7798836	586	6710	259
2	1.7	1.25	0.0625	4	4	8.9864246	1267	14130	443
2	1.6	1.25	0.0625	4	5	13.804254	2068	24790	652
2	1.5	1.25	0.0625	4	7	19.476701	4758	53950	1008
2	1.4	1.25	0.0625	4	8	25.255771	7481	84460	1238
2	1.3	1.25	0.0625	4	10	31.711914	14487	161500	1687
2	1.2	1.25	0.0625	4	11	38.253192	19809	221310	1923
2	1.1	1.25	0.0625	4	13	45.383044	29504	334160	2379
2	1	1.25	0.0625	4	15	52.836971	42248	482450	2918
2	0.9	1.25	0.0625	4	17	60.654673	58278	664500	3420
2	0.8	1.25	0.0625	4	19	68.852873	78624	895250	3930
2	0.7	1.25	0.0625	4	22	77.555838	107530	1219120	4823
2	0.6	1.25	0.0625	4	24	86.641555	136261	1543230	5524
2	0.5	1.25	0.0625	4	28	96.351075	201337	2284850	6884
2	0.4	1.25	0.0625	4	32	106.63249	286716	3254950	8429
2	0.3	1.25	0.0625	4	37	117.65089	403824	4580450	10476
2	0.2	1.25	0.0625	4	44	129.61579	602399	6820290	13602
2	1.8	60	2	4	22	15.577568	13006	121060	2471
2	1.7	60	2	4	23	24.696184	15532	148520	2617
2	1.6	60	2	4	24	34.322079	17724	171660	2731
2	1.5	60	2	4	25	44.367985	20942	207110	3029
2	1.4	60	2	4	26	54.797808	23512	233150	3152
2	1.3	60	2	4	27	65.585566	26805	267090	3302
2	1.2	60	2	4	28	76.700602	30191	302600	3491
2	1.1	60	2	4	29	88.132496	33504	337560	3617
2	1	60	2	4	30	99.877226	38821	374740	3741
2	0.9	60	2	4	31	111.93455	40577	413190	3919
2	0.8	60	2	4	31	124.31589	41341	420190	3811
2	0.7	60	2	4	32	137.03633	49501	496240	4150
2	0.6	60	2	4	33	150.1038	53265	548460	4363
2	0.5	60	2	4	34	163.54906	59810	618120	4555
2	0.4	60	2	4	36	177.41179	71847	734190	4939
2	0.3	60	2	4	37	191.76395	81004	848030	5305
2	0.2	60	2	4	39	206.70049	96167	1011040	5662
2	1.8	30	1	4	20	14.954714	10685	101460	2392
2	1.7	30	1	4	22	23.874094	14327	140790	2722
2	1.6	30	1	4	23	33.319606	17579	174590	2982
2	1.5	30	1	4	25	43.245533	22093	222040	3304
2	1.4	30	1	4	26	53.558035	25606	259730	3521
2	1.3	30	1	4	27	64.245264	29670	301830	3701
2	1.2	30	1	4	28	75.292558	34605	355630	4037
2	1.1	30	1	4	29	86.675822	39297	405150	4222
2	1	30	1	4	30	98.400552	44519	461750	4415
2	0.9	30	1	4	30	110.43603	46472	483220	4418
2	0.8	30	1	4	31	122.85152	51323	537740	4564
2	0.7	30	1	4	33	135.63306	64520	652820	4997
2	0.6	30	1	4	34	148.77214	71269	754740	5442
2	0.5	30	1	4	35	162.31827	80096	850510	5676
2	0.4	30	1	4	36	176.3051	93516	990330	6095
2	0.3	30	1	4	38	190.82304	116031	1230290	6827
2	0.2	30	1	4	40	205.9733	140798	1523240	7613
2	1.8	15	0.5	4	19	14.163034	10012	98980	2361
2	1.7	15	0.5	4	20	22.774174	13121	132210	2581
2	1.6	15	0.5	4	22	32.020309	18031	185400	3058
2	1.5	15	0.5	4	23	41.731512	22119	227570	3266
2	1.4	15	0.5	4	24	51.867718	26737	279980	3577
2	1.3	15	0.5	4	26	62.471945	33909	356020	3996
2	1.2	15	0.5	4	27	73.41518	39565	417670	4218
2	1.1	15	0.5	4	28	84.742468	46753	497360	4611
2	1	15	0.5	4	29	96.424395	53809	572970	4848
2	0.9	15	0.5	4	30	108.4715	68524	653700	5088
2	0.8	15	0.5	4	32	120.92872	72241	774490	5538
2	0.7	15	0.5	4	33	133.7436	83470	896360	5999
2	0.6	15	0.5	4	34	146.96363	96920	1049720	6477
2	0.5	15	0.5	4	36	160.65153	117775	1280960	7069
2	0.4	15	0.5	4	38	174.8154	144672	1565440	7908
2	0.3	15	0.5	4	40	189.54828	174211	1913440	8747
2	0.2	15	0.5	4	43	204.983	229430	2494190	10043
2	1.8	7.5	0.25	4	16	13.111761	8084	81960	1971
2	1.7	7.5	0.25	4	18	21.394396	12977	136720	2444
2	1.6	7.5	0.25	4	20	30.3306	19211	202830	2869
2	1.5	7.5	0.25	4	21	39.768702	23913	255160	3182
2	1.4	7.5	0.25	4	23	49.754402	32337	345700	3621
2	1.3	7.5	0.25	4	24	60.130462	39434	423720	3903
2	1.2	7.5	0.25	4	26	70.984887	50857	551270	4476
2	1.1	7.5	0.25	4	27	82.189761	60276	657010	4878
2	1	7.5	0.25	4	29	93.851238	74641	813820	5399
2	0.9	7.5	0.25	4	30	105.87186	82935	905780	5637
2	0.8	7.5	0.25	4	32	118.33913	102215	1119250	6214
2	0.7	7.5	0.25	4	33	131.19783	119613	1315470	6740
2	0.6	7.5	0.25	4	35	144.54412	146325	1614390	7550
2	0.5	7.5	0.25	4	37	158.37491	179062	1982900	8423
2	0.4	7.5	0.25	4	40	172.76659	225140	2500990	9619
2	0.3	7.5	0.25	4	43	187.78691	288720	3217860	11045
2	0.2	7.5	0.25	4	46	203.5979	376547	4178740	12721
2	1.8	3.75	0.125	4	12	11.822629	5674	59090	1456
2	1.7	3.75	0.125	4	14	19.611863	10407	112340	1862
2	1.6	3.75	0.125	4	16	28.143625	16845	185370	2342
2	1.5	3.75	0.125	4	18	37.280038	25166	275830	2776
2	1.4	3.75	0.125	4	20	46.969528	35519	392820	3313
2	1.3	3.75	0.125	4	22	57.140295	48605	540190	3807
2	1.2	3.75	0.125	4	23	67.701883	59177	655700	4201
2	1.1	3.75	0.125	4	25	78.809882	76661	853790	4732
2	1	3.75	0.125	4	27	90.351072	96362	1075330	5393
2	0.9	3.75	0.125	4	29	102.3535	113636	1266040	5900
2	0.8	3.75	0.125	4	31	114.80377	140877	1569960	6493
2	0.7	3.75	0.125	4	34	127.7794	187822	2100490	7630
2	0.6	3.75	0.125	4	36	141.21154	229738	2577490	8568
2	0.5	3.75	0.125	4	39	155.23822	293211	3286400	9843
2	0.4	3.75	0.125	4	42	169.87653	368629	4145830	11431
2	0.3	3.75	0.125	4	47	185.2803	498584	5613710	13756
2	0.2	3.75	0.125	4	52	201.59914	672995	7559320	16321
2	1.8	1.875	0.0625	4	7	9.9540564	2540	26470	777
2	1.7	1.875	0.0625	4	9	17.217428	5786	63930	1178
2	1.6	1.875	0.0625	4	11	25.325368	11877	128480	1591
2	1.5	1.875	0.0625	4	13	34.090874	20624	226850	2038
2	1.4	1.875	0.0625	4	16	43.579927	37201	414310	2753
2	1.3	1.875	0.0625	4	18	53.390093	51666	581510	3215
2	1.2	1.875	0.0625	4	20	63.704067	69778	792250	3819
2	1.1	1.875	0.0625	4	22	74.511208	91923	1044330	4366
2	1	1.875	0.0625	4	25	85.921641	129644	1470570	5304
2	0.9	1.875	0.0625	4	27	97.722582	159032	1804180	5888
2	0.8	1.875	0.0625	4	30	110.13374	196678	2219340	6688
2	0.7	1.875	0.0625	4	33	123.07022	262127	2969920	7831
2	0.6	1.875	0.0625	4	37	136.6426	366441	4156190	9607
2	0.5	1.875	0.0625	4	41	150.84765	484728	5507490	11354
2	0.4	1.875	0.0625	4	46	165.8034	642472	7298590	13584
2	0.3	1.875	0.0625	4	52	181.64568	865109	9807510	16487
2	0.2	1.875	0.0625	4	60	198.62113	1248048	14169060	20938
2	1.8	80	2	4	30	22.177371	32190	311620	3700
2	1.7	80	2	4	32	34.84956	38634	382120	3956
2	1.6	80	2	4	33	48.102607	43831	436120	4108
2	1.5	80	2	4	35	61.865361	52411	521820	4443
2	1.4	80	2	4	36	76.059704	57698	580670	4680
2	1.3	80	2	4	37	90.660095	67010	666230	4994
2	1.2	80	2	4	38	105.6522	72162	731650	5135
2	1.1	80	2	4	39	121.0128	77978	797060	5291
2	1	80	2	4	40	136.73183	86544	873770	5520
2	0.9	80	2	4	41	152.82293	92345	950080	5685
2	0.8	80	2	4	42	169.28614	98576	1017930	5796
2	0.7	80	2	4	43	186.13244	108659	1101810	5936
2	0.6	80	2	4	44	203.38067	118732	1237720	6316
2	0.5	80	2	4	45	221.0642	129406	1345940	6499
2	0.4	80	2	4	46	239.21831	147668	1524710	6918
2	0.3	80	2	4	48	257.93991	165109	1736720	7387
2	0.2	80	2	4	50	277.32845	193893	2052120	8082
2	1.8	40	1	4	29	21.459	29144	285710	3790
2	1.7	40	1	4	31	33.874753	37658	378840	4311
2	1.6	40	1	4	32	46.92258	43826	445470	4511
2	1.5	40	1	4	34	60.525566	53113	541990	4904
2	1.4	40	1	4	35	74.585749	62241	636270	5257
2	1.3	40	1	4	36	89.08232	71489	716200	5455
2	1.2	40	1	4	37	103.99077	79052	820250	5895
2	1.1	40	1	4	38	119.29368	86771	909330	6091
2	1	40	1	4	40	135.01308	99803	1046890	6516
2	0.9	40	1	4	41	151.10924	109577	1153470	6791
2	0.8	40	1	4	42	167.60063	119070	1257840	6985
2	0.7	40	1	4	43	184.50279	133954	1424970	7433
2	0.6	40	1	4	44	201.82693	146942	1564840	7682
2	0.5	40	1	4	46	219.64025	174039	1864470	8545
2	0.4	40	1	4	47	237.9492	196358	2112700	9063
2	0.3	40	1	4	49	256.86176	226609	2444930	9570
2	0.2	40	1	4	52	276.50245	280397	3044420	10754
2	1.8	20	0.5	4	27	20.494484	26564	268310	3682
2	1.7	20	0.5	4	29	32.592239	35875	368630	4138
2	1.6	20	0.5	4	31	45.381135	47308	487900	4737
2	1.5	20	0.5	4	32	58.725811	55607	580960	5108
2	1.4	20	0.5	4	34	72.636683	68252	718950	5586
2	1.3	20	0.5	4	35	86.983185	78923	837160	6038
2	1.2	20	0.5	4	36	101.76618	88558	941900	6285
2	1.1	20	0.5	4	38	117.0439	106422	1134280	6996
2	1	20	0.5	4	39	132.69266	118147	1267920	7260
2	0.9	20	0.5	4	41	148.81364	142357	1489470	7793
2	0.8	20	0.5	4	42	165.33481	152276	1644450	8122
2	0.7	20	0.5	4	43	182.28949	172108	1865920	8647
2	0.6	20	0.5	4	45	199.75412	203362	2214020	9548
2	0.5	20	0.5	4	47	217.71709	242082	2649170	10486
2	0.4	20	0.5	4	49	236.23597	285511	3137210	11457
2	0.3	20	0.5	4	51	255.40109	337891	3725610	12453
2	0.2	20	0.5	4	54	275.3705	416165	4605140	13756
2	1.8	10	0.25	4	23	19.227072	22564	233590	3139
2	1.7	10	0.25	4	26	30.909619	35745	377530	3890
2	1.6	10	0.25	4	28	43.35293	48600	512160	4387
2	1.5	10	0.25	4	30	56.429114	62726	668370	5014
2	1.4	10	0.25	4	32	70.088337	77769	839550	5540
2	1.3	10	0.25	4	33	84.210807	92585	984790	5995
2	1.2	10	0.25	4	35	98.887114	108490	1177440	6663
2	1.1	10	0.25	4	37	114.04432	134508	1436050	7270
2	1	10	0.25	4	39	129.66533	159973	1752230	8063
2	0.9	10	0.25	4	40	145.7157	178279	1953190	8400
2	0.8	10	0.25	4	42	162.28931	214913	2354170	9273
2	0.7	10	0.25	4	44	179.35232	246438	2715630	9984
2	0.6	10	0.25	4	46	196.92946	293426	3231240	10954
2	0.5	10	0.25	4	49	215.09969	361601	4012900	12400
2	0.4	10	0.25	4	51	233.86847	429193	4778800	13743
2	0.3	10	0.25	4	55	253.38935	540047	6026360	15615
2	0.2	10	0.25	4	59	273.80397	694048	7755740	17935
2	1.8	5	0.125	4	18	17.62694	17178	182630	2426
2	1.7	5	0.125	4	21	28.727611	30551	331800	3156
2	1.6	5	0.125	4	24	40.725937	53363	532060	3868
2	1.5	5	0.125	4	26	53.363688	64218	706920	4471
2	1.4	5	0.125	4	28	66.658536	89144	928470	5020
2	1.3	5	0.125	4	31	80.627266	113269	1253950	5956
2	1.2	5	0.125	4	33	95.067003	131291	1451590	6497
2	1.1	5	0.125	4	35	110.04017	164017	1821790	7287
2	1	5	0.125	4	37	125.53813	204129	2261510	8141
2	0.9	5	0.125	4	40	141.61022	253255	2828080	9087
2	0.8	5	0.125	4	42	158.16529	307626	3424940	10056
2	0.7	5	0.125	4	45	175.32426	382025	4284030	11449
2	0.6	5	0.125	4	48	193.05975	463002	5167920	12833
2	0.5	5	0.125	4	51	211.43853	561020	6307610	14429
2	0.4	5	0.125	4	55	230.54984	701542	7893440	16717
2	0.3	5	0.125	4	59	250.50558	876651	9853530	18921
2	0.2	5	0.125	4	65	271.5205	1165913	13180860	22338
2	1.8	2.5	0.0625	4	12	15.558699	9630	101430	1553
2	1.7	2.5	0.0625	4	15	26.027091	21437	234010	2174
2	1.6	2.5	0.0625	4	18	37.451838	39464	437200	2864
2	1.5	2.5	0.0625	4	21	49.636486	63490	711210	3641
2	1.4	2.5	0.0625	4	24	62.510905	94167	1042260	4395
2	1.3	2.5	0.0625	4	26	75.922317	120824	1369110	5097
2	1.2	2.5	0.0625	4	29	90.051486	162514	1842940	5948
2	1.1	2.5	0.0625	4	32	104.77845	205558	2323800	6983
2	1	2.5	0.0625	4	35	120.10059	259750	2882740	8051
2	0.9	2.5	0.0625	4	38	136.01035	329148	3725440	9047
2	0.8	2.5	0.0625	4	41	152.53199	425427	4823600	10404
2	0.7	2.5	0.0625	4	45	169.75067	557468	6329190	12218
2	0.6	2.5	0.0625	4	49	187.63524	690711	7838150	14045
2	0.5	2.5	0.0625	4	53	206.26004	869827	9869450	16106
2	0.4	2.5	0.0625	4	59	225.78963	1140914	12969490	19111
2	0.3	2.5	0.0625	4	66	246.32008	1525149	17302500	22851
2	0.2	2.5	0.0625	4	75	268.1371	2134123	24269110	28197
2	1.8	100	2	4	39	28.951524	66735	662210	5057
2	1.7	100	2	4	41	45.221842	81367	819760	5625
2	1.6	100	2	4	43	62.156059	96189	955810	5908
2	1.5	100	2	4	44	79.642298	111719	1054350	6074
2	1.4	100	2	4	45	97.629174	115234	1183700	6443
2	1.3	100	2	4	46	116.07052	124679	1281640	6595
2	1.2	100	2	4	47	134.94307	138863	1406050	6880
2	1.1	100	2	4	49	154.25218	151189	1566200	7287
2	1	100	2	4	50	173.9615	165286	1685110	7460
2	0.9	100	2	4	51	194.08087	172536	1787880	7592
2	0.8	100	2	4	52	214.61002	182026	1893790	7724
2	0.7	100	2	4	53	235.56981	199076	2081290	8120
2	0.6	100	2	4	54	256.97249	212752	2230370	8308
2	0.5	100	2	4	56	278.86808	232281	2436560	8710
2	0.4	100	2	4	57	301.29349	256140	2688730	9128
2	0.3	100	2	4	59	324.33267	286187	3020960	9640
2	0.2	100	2	4	61	348.11888	328145	3479710	10231
2	1.8	50	1	4	38	28.124331	63287	635530	5416
2	1.7	50	1	4	40	44.107093	78765	803080	5970
2	1.6	50	1	4	41	60.794836	90941	937060	6352
2	1.5	50	1	4	43	78.120408	106745	1106490	6825
2	1.4	50	1	4	44	95.944561	120135	1252320	7228
2	1.3	50	1	4	46	114.28983	137762	1444220	7785
2	1.2	50	1	4	47	133.0925	154671	1630350	8233
2	1.1	50	1	4	48	152.32677	168674	1778870	8467
2	1	50	1	4	50	172.02199	191982	2011210	8963
2	0.9	50	1	4	51	192.14574	203768	2164490	9267
2	0.8	50	1	4	52	212.71163	226284	2344350	9512
2	0.7	50	1	4	53	233.72604	245442	2614510	10038
2	0.6	50	1	4	55	255.25321	273796	2934800	10618
2	0.5	50	1	4	56	277.26825	305504	3283680	11179
2	0.4	50	1	4	58	299.87579	349939	3782430	12041
2	0.3	50	1	4	60	323.13526	401614	4343470	12930
2	0.2	50	1	4	63	347.20707	465761	5020350	13937
2	1.8	25	0.5	4	35	27.015699	57025	581680	5244
2	1.7	25	0.5	4	37	42.60918	74308	771300	5916
2	1.6	25	0.5	4	40	59.042409	98693	1008060	6674
2	1.5	25	0.5	4	41	76.071437	109409	1154850	7113
2	1.4	25	0.5	4	43	93.722611	131413	1395540	7813
2	1.3	25	0.5	4	45	111.91837	156904	1650110	8446
2	1.2	25	0.5	4	46	130.58782	174692	1874550	8960
2	1.1	25	0.5	4	48	149.76916	200843	2159420	9539
2	1	25	0.5	4	49	169.40887	222907	2404840	10111
2	0.9	25	0.5	4	51	189.5559	255132	2762150	10748
2	0.8	25	0.5	4	52	210.15279	284797	3084200	11341
2	0.7	25	0.5	4	54	231.27562	320387	3490850	12082
2	0.6	25	0.5	4	56	252.92404	373288	4072310	13095
2	0.5	25	0.5	4	58	275.13208	428847	4695150	14103
2	0.4	25	0.5	4	60	297.96454	490959	5404780	15121
2	0.3	25	0.5	4	63	321.52119	589128	6498380	16605
2	0.2	25	0.5	4	66	345.96007	724045	8010600	18409
2	1.8	12.5	0.25	4	31	25.577936	52101	546500	4666
2	1.7	12.5	0.25	4	34	40.716519	75236	801250	5571
2	1.6	12.5	0.25	4	36	56.681991	95708	1029060	6295
2	1.5	12.5	0.25	4	39	73.457087	122079	1307980	7089
2	1.4	12.5	0.25	4	41	90.809296	150239	1606720	7865
2	1.3	12.5	0.25	4	43	108.77932	179461	1954090	8689
2	1.2	12.5	0.25	4	45	127.29883	215679	2357620	9563
2	1.1	12.5	0.25	4	47	146.37057	253192	2777430	10269
2	1	12.5	0.25	4	49	165.95979	296569	3260450	11199
2	0.9	12.5	0.25	4	50	186.03951	320630	3526880	11562
2	0.8	12.5	0.25	4	53	206.74685	392415	4335490	12954
2	0.7	12.5	0.25	4	55	227.96201	454833	5035230	14101
2	0.6	12.5	0.25	4	57	249.75717	521197	5786530	15200
2	0.5	12.5	0.25	4	60	272.201	618026	6880860	16694
2	0.4	12.5	0.25	4	63	295.33701	735418	8157510	18361
2	0.3	12.5	0.25	4	66	319.2745	882450	9838220	20364
2	0.2	12.5	0.25	4	71	344.22251	1133843	12711650	23348
2	1.8	6.25	0.125	4	25	23.698626	42544	459000	3707
2	1.7	6.25	0.125	4	29	38.213334	72848	793070	4778
2	1.6	6.25	0.125	4	32	53.678771	100894	1110610	5591
2	1.5	6.25	0.125	4	35	69.982738	136236	1504990	6586
2	1.4	6.25	0.125	4	37	86.940325	158559	1742970	7296
2	1.3	6.25	0.125	4	40	104.64225	209619	2294870	8242
2	1.2	6.25	0.125	4	42	122.89962	251990	2800370	9157
2	1.1	6.25	0.125	4	45	141.82451	319830	3566300	10394
2	1	6.25	0.125	4	47	161.27326	379267	4242410	11404
2	0.9	6.25	0.125	4	50	181.37818	457824	5129260	12540
2	0.8	6.25	0.125	4	53	202.07893	545270	6076000	13940
2	0.7	6.25	0.125	4	56	223.39871	654058	7322330	15551
2	0.6	6.25	0.125	4	59	245.38378	770349	8657730	17149
2	0.5	6.25	0.125	4	62	268.08056	913006	10269390	19075
2	0.4	6.25	0.125	4	67	291.62323	1140106	12818660	21641
2	0.3	6.25	0.125	4	72	316.08244	1424976	16091760	24813
2	0.2	6.25	0.125	4	78	341.70296	1860830	21044470	28785
2	1.8	3.125	0.0625	4	18	21.42544	27472	293910	2539
2	1.7	3.125	0.0625	4	22	35.139228	60563	647420	3500
2	1.6	3.125	0.0625	4	25	49.82553	90000	1006020	4364
2	1.5	3.125	0.0625	4	29	65.541343	137842	1542710	5433
2	1.4	3.125	0.0625	4	32	81.966769	189232	2073560	6438
2	1.3	3.125	0.0625	4	35	99.160458	240891	2724520	7388
2	1.2	3.125	0.0625	4	38	117.0572	281067	3144500	8437
2	1.1	3.125	0.0625	4	41	135.65421	367127	4118750	9691
2	1	3.125	0.0625	4	45	154.99945	488501	5531050	11361
2	0.9	3.125	0.0625	4	48	174.93963	605905	6791970	12564
2	0.8	3.125	0.0625	4	52	195.64244	770358	8736600	14503
2	0.7	3.125	0.0625	4	56	217.05288	928584	10438380	16384
2	0.6	3.125	0.0625	4	60	239.22135	1139967	12950500	18831
2	0.5	3.125	0.0625	4	66	262.29349	1459320	16582670	21907
2	0.4	3.125	0.0625	4	72	286.2903	1854164	21098700	25314
2	0.3	3.125	0.0625	4	79	311.41102	2399889	27330250	29660
2	0.2	3.125	0.0625	4	89	337.96569	3337551	37993540	36351
