r	c	alpha	beta	M	Q_B	Pi_B	Time_B	CPUTiming_B
2	1.8	20	2	1	5	3.2848632	2145
2	1.7	20	2	1	6	5.6316956	2293
2	1.6	20	2	1	7	8.2606746	2409
2	1.5	20	2	1	7	11.109835	2382
2	1.4	20	2	1	8	14.191953	3013
2	1.3	20	2	1	8	17.447468	3079
2	1.2	20	2	1	9	20.915963	3921
2	1.1	20	2	1	9	24.551541	3271
2	1	20	2	1	10	28.375362	4452
2	0.9	20	2	1	10	32.377513	3483
2	0.8	20	2	1	11	36.572429	5169
2	0.7	20	2	1	11	40.942397	6174
2	0.6	20	2	1	12	45.537443	6341
2	0.5	20	2	1	12	50.331313	6778
2	0.4	20	2	1	13	55.403448	8730
2	0.3	20	2	1	14	60.75061	9917
2	0.2	20	2	1	15	66.454213	13400
2	1.8	20	2	2	5	3.3518706	5499
2	1.7	20	2	2	6	5.7258992	6460
2	1.6	20	2	2	7	8.3529356	8809
2	1.5	20	2	2	7	11.187893	9612
2	1.4	20	2	2	8	14.269874	11385
2	1.3	20	2	2	8	17.521482	10654
2	1.2	20	2	2	9	20.976717	15762
2	1.1	20	2	2	9	24.604266	13801
2	1	20	2	2	10	28.412271	21164
2	0.9	20	2	2	10	32.412737	18549
2	0.8	20	2	2	11	36.592618	26990
2	0.7	20	2	2	11	40.962575	26843
2	0.6	20	2	2	12	45.54995	36112
2	0.5	20	2	2	12	50.341824	37243
2	0.4	20	2	2	13	55.408502	55906
2	0.3	20	2	2	14	60.753076	70684
2	0.2	20	2	2	15	66.455019	106781
2	1.8	10	1	1	5	2.8858634	1870
2	1.7	10	1	1	6	5.0930396	2635
2	1.6	10	1	1	7	7.592133	2921
2	1.5	10	1	1	7	10.373186	2492
2	1.4	10	1	1	8	13.369371	4013
2	1.3	10	1	1	8	16.593623	3466
2	1.2	10	1	1	9	20.024825	5016
2	1.1	10	1	1	9	23.629668	4105
2	1	10	1	1	10	27.450019	5577
2	0.9	10	1	1	10	31.450123	4465
2	0.8	10	1	1	11	35.673764	7690
2	0.7	10	1	1	12	40.071169	10711
2	0.6	10	1	1	12	44.712888	7453
2	0.5	10	1	1	13	49.583256	9893
2	0.4	10	1	1	14	54.715949	12670
2	0.3	10	1	1	15	60.162085	15315
2	0.2	10	1	1	16	65.997035	20534
2	1.8	10	1	2	5	3.0341767	7456
2	1.7	10	1	2	6	5.2666517	9294
2	1.6	10	1	2	6	7.7999301	8882
2	1.5	10	1	2	7	10.583454	14533
2	1.4	10	1	2	8	13.559169	19244
2	1.3	10	1	2	8	16.775697	13689
2	1.2	10	1	2	9	20.16461	27342
2	1.1	10	1	2	9	23.780699	17802
2	1	10	1	2	10	27.566213	35992
2	0.9	10	1	2	10	31.548405	19195
2	0.8	10	1	2	11	35.739753	40164
2	0.7	10	1	2	11	40.122487	44753
2	0.6	10	1	2	12	44.749272	67016
2	0.5	10	1	2	13	49.606966	69051
2	0.4	10	1	2	14	54.729467	111718
2	0.3	10	1	2	15	60.168336	134026
2	0.2	10	1	2	16	65.999578	185618
2	1.8	5	0.5	1	4	2.3206593	1462
2	1.7	5	0.5	1	5	4.3176364	1843
2	1.6	5	0.5	1	6	6.6801274	2979
2	1.5	5	0.5	1	7	9.3335281	3892
2	1.4	5	0.5	1	7	12.226941	3028
2	1.3	5	0.5	1	8	15.390677	5782
2	1.2	5	0.5	1	9	18.770399	5982
2	1.1	5	0.5	1	9	22.356864	4916
2	1	5	0.5	1	10	26.181897	7922
2	0.9	5	0.5	1	11	30.187574	9734
2	0.8	5	0.5	1	11	34.42942	6979
2	0.7	5	0.5	1	12	38.897329	12943
2	0.6	5	0.5	1	13	43.587017	15375
2	0.5	5	0.5	1	14	48.540453	20355
2	0.4	5	0.5	1	15	53.781454	24148
2	0.3	5	0.5	1	16	59.366158	24864
2	0.2	5	0.5	1	18	65.368649	44585
2	1.8	5	0.5	2	4	2.5843252	5843
2	1.7	5	0.5	2	5	4.6839704	7062
2	1.6	5	0.5	2	6	7.0969562	15932
2	1.5	5	0.5	2	7	9.7536207	18952
2	1.4	5	0.5	2	7	12.668447	16246
2	1.3	5	0.5	2	8	15.79537	31100
2	1.2	5	0.5	2	8	19.138206	21099
2	1.1	5	0.5	2	9	22.697783	41664
2	1	5	0.5	2	10	26.450783	65241
2	0.9	5	0.5	2	10	30.432385	38195
2	0.8	5	0.5	2	11	34.630407	70006
2	0.7	5	0.5	2	12	39.037637	115896
2	0.6	5	0.5	2	12	43.689301	86421
2	0.5	5	0.5	2	13	48.610902	128057
2	0.4	5	0.5	2	14	53.824971	181127
2	0.3	5	0.5	2	16	59.391354	303129
2	0.2	5	0.5	2	18	65.377439	617029
2	1.8	2.5	0.25	1	3	1.5947165	1485
2	1.7	2.5	0.25	1	5	3.3123693	2812
2	1.6	2.5	0.25	1	5	5.4528683	2864
2	1.5	2.5	0.25	1	6	7.9318458	4240
2	1.4	2.5	0.25	1	7	10.72067	5687
2	1.3	2.5	0.25	1	8	13.784299	12686
2	1.2	2.5	0.25	1	9	17.079488	15331
2	1.1	2.5	0.25	1	9	20.652926	10793
2	1	2.5	0.25	1	10	24.456882	11761
2	0.9	2.5	0.25	1	11	28.4876	18109
2	0.8	2.5	0.25	1	12	32.759367	22201
2	0.7	2.5	0.25	1	13	37.2697	27374
2	0.6	2.5	0.25	1	14	42.051073	32231
2	0.5	2.5	0.25	1	15	47.122936	31900
2	0.4	2.5	0.25	1	16	52.500703	39226
2	0.3	2.5	0.25	1	18	58.258638	61197
2	0.2	2.5	0.25	1	20	64.496144	85009
2	1.8	2.5	0.25	2	4	2.0069992	10459
2	1.7	2.5	0.25	2	4	3.9247862	9972
2	1.6	2.5	0.25	2	5	6.1890801	18459
2	1.5	2.5	0.25	2	6	8.7436795	27393
2	1.4	2.5	0.25	2	7	11.526649	36108
2	1.3	2.5	0.25	2	7	14.583626	34176
2	1.2	2.5	0.25	2	8	17.854709	56923
2	1.1	2.5	0.25	2	9	21.347515	86785
2	1	2.5	0.25	2	9	25.061745	67352
2	0.9	2.5	0.25	2	10	29.029114	118909
2	0.8	2.5	0.25	2	11	33.213344	161710
2	0.7	2.5	0.25	2	12	37.645035	253971
2	0.6	2.5	0.25	2	13	42.338596	331351
2	0.5	2.5	0.25	2	14	47.326212	262189
2	0.4	2.5	0.25	2	16	52.629474	759682
2	0.3	2.5	0.25	2	17	58.335246	589606
2	0.2	2.5	0.25	2	20	64.52955	1319889
2	1.8	1.25	0.125	1	2	0.83445011	983
2	1.7	1.25	0.125	1	3	2.1780894	1983
2	1.6	1.25	0.125	1	4	3.9921696	3563
2	1.5	1.25	0.125	1	5	6.226732	5788
2	1.4	1.25	0.125	1	6	8.8288688	8452
2	1.3	1.25	0.125	1	7	11.743005	10811
2	1.2	1.25	0.125	1	8	14.948296	17413
2	1.1	1.25	0.125	1	9	18.441586	23527
2	1	1.25	0.125	1	10	22.19993	30214
2	0.9	1.25	0.125	1	11	26.227969	38358
2	0.8	1.25	0.125	1	12	30.526735	40180
2	0.7	1.25	0.125	1	13	35.082952	49704
2	0.6	1.25	0.125	1	15	39.957526	77849
2	0.5	1.25	0.125	1	16	45.1479	88674
2	0.4	1.25	0.125	1	18	50.697542	103391
2	0.3	1.25	0.125	1	20	56.675101	118974
2	0.2	1.25	0.125	1	24	63.208837	164127
2	1.8	1.25	0.125	2	3	1.3273068	8300
2	1.7	1.25	0.125	2	4	3.0196772	18819
2	1.6	1.25	0.125	2	4	5.0989626	22162
2	1.5	1.25	0.125	2	5	7.5076917	36982
2	1.4	1.25	0.125	2	6	10.172855	64744
2	1.3	1.25	0.125	2	7	13.085111	96035
2	1.2	1.25	0.125	2	7	16.264686	97758
2	1.1	1.25	0.125	2	8	19.686349	175769
2	1	1.25	0.125	2	9	23.352882	250526
2	0.9	1.25	0.125	2	10	27.254657	356096
2	0.8	1.25	0.125	2	11	31.423851	397784
2	0.7	1.25	0.125	2	12	35.841259	504439
2	0.6	1.25	0.125	2	13	40.565602	726030
2	0.5	1.25	0.125	2	15	45.612621	1114620
2	0.4	1.25	0.125	2	17	51.025239	1729885
2	0.3	1.25	0.125	2	19	56.876429	1700373
2	0.2	1.25	0.125	2	23	63.307254	2409940
2	1.8	0.625	0.0625	1	1	0.17301566	903
2	1.7	0.625	0.0625	1	2	1.0861347	2160
2	1.6	0.625	0.0625	1	3	2.5287636	3797
2	1.5	0.625	0.0625	1	4	4.4423971	9558
2	1.4	0.625	0.0625	1	5	6.7557185	14215
2	1.3	0.625	0.0625	1	6	9.4434582	23786
2	1.2	0.625	0.0625	1	7	12.470427	35940
2	1.1	0.625	0.0625	1	8	15.798337	53173
2	1	0.625	0.0625	1	9	19.445013	69129
2	0.9	0.625	0.0625	1	11	23.374763	116401
2	0.8	0.625	0.0625	1	12	27.643855	125020
2	0.7	0.625	0.0625	1	14	32.22275	195023
2	0.6	0.625	0.0625	1	15	37.138753	213660
2	0.5	0.625	0.0625	1	17	42.416598	236213
2	0.4	0.625	0.0625	1	20	48.126722	330722
2	0.3	0.625	0.0625	1	24	54.333001	417348
2	0.2	0.625	0.0625	1	29	61.220682	629318
2	1.8	0.625	0.0625	2	2	0.62373479	7660
2	1.7	0.625	0.0625	2	3	2.048045	22284
2	1.6	0.625	0.0625	2	3	3.9373518	32336
2	1.5	0.625	0.0625	2	4	6.1420441	69557
2	1.4	0.625	0.0625	2	5	8.6432815	124881
2	1.3	0.625	0.0625	2	6	11.409432	196499
2	1.2	0.625	0.0625	2	6	14.433337	229771
2	1.1	0.625	0.0625	2	7	17.725607	417541
2	1	0.625	0.0625	2	8	21.263951	530432
2	0.9	0.625	0.0625	2	9	25.054791	1131552
2	0.8	0.625	0.0625	2	11	29.151518	2048296
2	0.7	0.625	0.0625	2	12	33.544705	2645881
2	0.6	0.625	0.0625	2	14	38.24392	3187105
2	0.5	0.625	0.0625	2	16	43.302305	7346293
2	0.4	0.625	0.0625	2	18	48.781907	12776519
2	0.3	0.625	0.0625	2	22	54.773372	17781019
2	0.2	0.625	0.0625	2	27	61.449993	28302626
2	1.8	20	2	3	5	3.3588328	15207
2	1.7	20	2	3	6	5.7265648	17117
2	1.6	20	2	3	7	8.3523877	22522
2	1.5	20	2	3	7	11.225394	20102
2	1.4	20	2	3	8	14.303525	31617
2	1.3	20	2	3	8	17.543195	32939
2	1.2	20	2	3	9	21.009558	43490
2	1.1	20	2	3	9	24.630296	35136
2	1	20	2	3	10	28.439272	62229
2	0.9	20	2	3	10	32.437658	48083
2	0.8	20	2	3	11	36.610398	80928
2	0.7	20	2	3	11	40.986534	72101
2	0.6	20	2	3	12	45.567575	122513
2	0.5	20	2	3	12	50.354534	116758
2	0.4	20	2	3	13	55.417057	166810
2	0.3	20	2	3	14	60.758509	225658
2	0.2	20	2	3	15	66.45709	311473
2	1.8	10	1	3	5	3.0582324	18530
2	1.7	10	1	3	6	5.2981455	30769
2	1.6	10	1	3	6	7.8316886	19323
2	1.5	10	1	3	7	10.620183	34695
2	1.4	10	1	3	8	13.604522	55013
2	1.3	10	1	3	8	16.835767	45926
2	1.2	10	1	3	9	20.224487	87628
2	1.1	10	1	3	9	23.827113	71009
2	1	10	1	3	10	27.612206	88418
2	0.9	10	1	3	10	31.603154	83273
2	0.8	10	1	3	11	35.785066	131447
2	0.7	10	1	3	11	40.167957	132175
2	0.6	10	1	3	12	44.788099	206324
2	0.5	10	1	3	13	49.634231	259725
2	0.4	10	1	3	14	54.746902	336511
2	0.3	10	1	3	15	60.180356	466193
2	0.2	10	1	3	16	66.006328	689787
2	1.8	5	0.5	3	4	2.6519619	14990
2	1.7	5	0.5	3	5	4.759343	24973
2	1.6	5	0.5	3	6	7.1694584	45150
2	1.5	5	0.5	3	6	9.828076	48134
2	1.4	5	0.5	3	7	12.764245	83560
2	1.3	5	0.5	3	8	15.891776	92308
2	1.2	5	0.5	3	8	19.23305	84081
2	1.1	5	0.5	3	9	22.795928	126718
2	1	5	0.5	3	10	26.539849	234463
2	0.9	5	0.5	3	10	30.518852	165073
2	0.8	5	0.5	3	11	34.70879	241788
2	0.7	5	0.5	3	12	39.108603	444372
2	0.6	5	0.5	3	12	43.753934	330213
2	0.5	5	0.5	3	13	48.664947	518316
2	0.4	5	0.5	3	14	53.86652	714848
2	0.3	5	0.5	3	16	59.416315	1175060
2	0.2	5	0.5	3	17	65.391406	1565069
2	1.8	2.5	0.25	3	3	2.1411033	22599
2	1.7	2.5	0.25	3	4	4.0872	36570
2	1.6	2.5	0.25	3	5	6.3587911	67076
2	1.5	2.5	0.25	3	6	8.9090224	98033
2	1.4	2.5	0.25	3	6	11.705031	83639
2	1.3	2.5	0.25	3	7	14.759073	194246
2	1.2	2.5	0.25	3	8	18.02376	268931
2	1.1	2.5	0.25	3	8	21.504675	202350
2	1	2.5	0.25	3	9	25.227508	344402
2	0.9	2.5	0.25	3	10	29.171845	638291
2	0.8	2.5	0.25	3	11	33.339859	871579
2	0.7	2.5	0.25	3	12	37.759145	1156315
2	0.6	2.5	0.25	3	13	42.435994	1484400
2	0.5	2.5	0.25	3	14	47.409372	1253220
2	0.4	2.5	0.25	3	16	52.690484	3371691
2	0.3	2.5	0.25	3	17	58.380887	2972303
2	0.2	2.5	0.25	3	20	64.554534	6602576
2	1.8	1.25	0.125	3	3	1.5477709	33466
2	1.7	1.25	0.125	3	3	3.307461	43631
2	1.6	1.25	0.125	3	4	5.4301461	107283
2	1.5	1.25	0.125	3	5	7.8406438	195019
2	1.4	1.25	0.125	3	6	10.499473	330726
2	1.3	1.25	0.125	3	6	13.432304	282621
2	1.2	1.25	0.125	3	7	16.603915	700552
2	1.1	1.25	0.125	3	8	20.014231	870403
2	1	1.25	0.125	3	9	23.642269	1300363
2	0.9	1.25	0.125	3	10	27.524541	1818635
2	0.8	1.25	0.125	3	11	31.662514	1975819
2	0.7	1.25	0.125	3	12	36.048964	2835705
2	0.6	1.25	0.125	3	13	40.74034	3458463
2	0.5	1.25	0.125	3	15	45.742704	5380437
2	0.4	1.25	0.125	3	17	51.120489	7537668
2	0.3	1.25	0.125	3	19	56.942463	5857725
2	0.2	1.25	0.125	3	23	63.345407	13780375
2	1.8	0.625	0.0625	3	2	0.94912672	28504
2	1.7	0.625	0.0625	3	2	2.4892646	60066
2	1.6	0.625	0.0625	3	3	4.4559967	153639
2	1.5	0.625	0.0625	3	4	6.6993424	395696
2	1.4	0.625	0.0625	3	5	9.2122156	676974
2	1.3	0.625	0.0625	3	5	12.010502	750055
2	1.2	0.625	0.0625	3	6	15.041425	1450038
2	1.1	0.625	0.0625	3	7	18.315409	2708208
2	1	0.625	0.0625	3	8	21.824753	3755696
2	0.9	0.625	0.0625	3	9	25.583767	5799262
2	0.8	0.625	0.0625	3	10	29.629796	8947347
2	0.7	0.625	0.0625	3	12	33.960127	22623948
2	0.6	0.625	0.0625	3	13	38.59666	27917949
2	0.5	0.625	0.0625	3	15	43.573685	12236200
2	0.4	0.625	0.0625	3	18	48.972452	20339318
2	0.3	0.625	0.0625	3	22	54.882091	30629121
2	0.2	0.625	0.0625	3	27	61.504651	59559068
2	1.8	20	2	4	5	3.3681385	30392
2	1.7	20	2	4	6	5.7423672	38493
2	1.6	20	2	4	7	8.3702911	49638
2	1.5	20	2	4	7	11.225522	43665
2	1.4	20	2	4	8	14.302445	64094
2	1.3	20	2	4	8	17.566315	56381
2	1.2	20	2	4	9	21.023753	103301
2	1.1	20	2	4	9	24.639887	80196
2	1	20	2	4	10	28.454897	128547
2	0.9	20	2	4	10	32.444344	113455
2	0.8	20	2	4	11	36.615202	190518
2	0.7	20	2	4	11	40.995827	161066
2	0.6	20	2	4	12	45.574346	260194
2	0.5	20	2	4	12	50.356855	249263
2	0.4	20	2	4	13	55.420494	395777
2	0.3	20	2	4	14	60.760892	527223
2	0.2	20	2	4	15	66.458277	795123
2	1.8	10	1	4	5	3.0756199	42957
2	1.7	10	1	4	6	5.3217813	65330
2	1.6	10	1	4	6	7.8451362	50831
2	1.5	10	1	4	7	10.639582	90920
2	1.4	10	1	4	8	13.623136	136863
2	1.3	10	1	4	8	16.859731	90731
2	1.2	10	1	4	9	20.250088	199862
2	1.1	10	1	4	9	23.852946	134849
2	1	10	1	4	10	27.636138	236992
2	0.9	10	1	4	10	31.620807	222979
2	0.8	10	1	4	11	35.804419	311442
2	0.7	10	1	4	11	40.179105	314696
2	0.6	10	1	4	12	44.801597	583990
2	0.5	10	1	4	13	49.645523	588146
2	0.4	10	1	4	14	54.753919	933109
2	0.3	10	1	4	15	60.185571	1202049
2	0.2	10	1	4	16	66.009238	1631631
2	1.8	5	0.5	4	4	2.6792504	42444
2	1.7	5	0.5	4	5	4.7925324	61584
2	1.6	5	0.5	4	6	7.2028339	130905
2	1.5	5	0.5	4	6	9.8689452	119095
2	1.4	5	0.5	4	7	12.797023	189961
2	1.3	5	0.5	4	8	15.930225	296228
2	1.2	5	0.5	4	8	19.282518	222500
2	1.1	5	0.5	4	9	22.833797	392588
2	1	5	0.5	4	10	26.580109	612827
2	0.9	5	0.5	4	10	30.559652	476715
2	0.8	5	0.5	4	11	34.740564	680369
2	0.7	5	0.5	4	12	39.13947	1391509
2	0.6	5	0.5	4	12	43.778765	1019018
2	0.5	5	0.5	4	13	48.688786	1427017
2	0.4	5	0.5	4	14	53.883609	2006049
2	0.3	5	0.5	4	16	59.425501	3009452
2	0.2	5	0.5	4	17	65.398345	4519156
2	1.8	2.5	0.25	4	3	2.1919326	55668
2	1.7	2.5	0.25	4	4	4.1485061	97918
2	1.6	2.5	0.25	4	5	6.4259605	179731
2	1.5	2.5	0.25	4	6	8.9740571	339436
2	1.4	2.5	0.25	4	6	11.779287	258451
2	1.3	2.5	0.25	4	7	14.832962	571583
2	1.2	2.5	0.25	4	8	18.094547	876255
2	1.1	2.5	0.25	4	8	21.574812	650480
2	1	2.5	0.25	4	9	25.297568	1015091
2	0.9	2.5	0.25	4	10	29.232046	1512456
2	0.8	2.5	0.25	4	11	33.400151	2067328
2	0.7	2.5	0.25	4	12	37.808482	3825668
2	0.6	2.5	0.25	4	13	42.480517	3769548
2	0.5	2.5	0.25	4	14	47.447214	3688378
2	0.4	2.5	0.25	4	15	52.71988	4891904
2	0.3	2.5	0.25	4	17	58.401343	7691084
2	0.2	2.5	0.25	4	20	64.565293	23924109
2	1.8	1.25	0.125	4	2	1.6487376	53183
2	1.7	1.25	0.125	4	3	3.4353828	131122
2	1.6	1.25	0.125	4	4	5.5667168	388702
2	1.5	1.25	0.125	4	5	7.9784271	641148
2	1.4	1.25	0.125	4	5	10.644928	588183
2	1.3	1.25	0.125	4	6	13.584844	1176105
2	1.2	1.25	0.125	4	7	16.747405	1978660
2	1.1	1.25	0.125	4	8	20.137647	2639380
2	1	1.25	0.125	4	9	23.763071	3824212
2	0.9	1.25	0.125	4	10	27.6269	5064090
2	0.8	1.25	0.125	4	11	31.753665	5579966
2	0.7	1.25	0.125	4	12	36.131258	6935739
2	0.6	1.25	0.125	4	13	40.811227	10236251
2	0.5	1.25	0.125	4	15	45.801744	13982500
2	0.4	1.25	0.125	4	17	51.16739	18374941
2	0.3	1.25	0.125	4	19	56.977463	18667453
2	0.2	1.25	0.125	4	23	63.366344	48164105
2	1.8	0.625	0.0625	4	2	1.1199345	94075
2	1.7	0.625	0.0625	4	2	2.7067954	185365
2	1.6	0.625	0.0625	4	3	4.6993482	499390
2	1.5	0.625	0.0625	4	4	6.9595983	1130526
2	1.4	0.625	0.0625	4	4	9.4817682	1415221
2	1.3	0.625	0.0625	4	5	12.286891	2822913
2	1.2	0.625	0.0625	4	6	15.318678	5511276
2	1.1	0.625	0.0625	4	7	18.583019	7811278
2	1	0.625	0.0625	4	8	22.08492	12466774
2	0.9	0.625	0.0625	4	9	25.817624	21900694
2	0.8	0.625	0.0625	4	10	29.836047	36971643
2	0.7	0.625	0.0625	4	11	34.13318	54736060
2	0.6	0.625	0.0625	4	13	38.732441	87448487
2	0.5	0.625	0.0625	4	15	43.677738	106438152
2	0.4	0.625	0.0625	4	18	49.04445	109272173
2	0.3	0.625	0.0625	4	21	54.931805	156630999
2	0.2	0.625	0.0625	4	27	61.536011	533174627
2	1.8	40	2	1	13	9.0864267	13279
2	1.7	40	2	1	15	14.719606	18180
2	1.6	40	2	1	16	20.770915	18130
2	1.5	40	2	1	16	27.175199	14591
2	1.4	40	2	1	17	33.899387	17761
2	1.3	40	2	1	18	40.899006	18695
2	1.2	40	2	1	19	48.153035	25050
2	1.1	40	2	1	19	55.703807	20041
2	1	40	2	1	20	63.498527	23877
2	0.9	40	2	1	21	71.533301	28777
2	0.8	40	2	1	21	79.856431	24906
2	0.7	40	2	1	22	88.440496	27805
2	0.6	40	2	1	23	97.304591	30609
2	0.5	40	2	1	24	106.47643	41479
2	0.4	40	2	1	25	115.99454	46269
2	0.3	40	2	1	26	125.91799	45285
2	0.2	40	2	1	27	136.32465	53047
2	1.8	40	2	2	13	9.1783936	52723
2	1.7	40	2	2	15	14.808429	87962
2	1.6	40	2	2	15	20.855123	66802
2	1.5	40	2	2	16	27.250691	68929
2	1.4	40	2	2	17	33.959973	91875
2	1.3	40	2	2	18	40.943747	86199
2	1.2	40	2	2	18	48.197794	80137
2	1.1	40	2	2	19	55.738332	120748
2	1	40	2	2	20	63.521589	120272
2	0.9	40	2	2	20	71.549626	103360
2	0.8	40	2	2	21	79.868168	168275
2	0.7	40	2	2	22	88.447268	183013
2	0.6	40	2	2	23	97.308131	192798
2	0.5	40	2	2	24	106.47838	312175
2	0.4	40	2	2	25	115.9956	364120
2	0.3	40	2	2	26	125.91841	351730
2	0.2	40	2	2	27	136.32479	443308
2	1.8	40	2	3	13	9.2032864	144817
2	1.7	40	2	3	15	14.856441	222036
2	1.6	40	2	3	15	20.921716	150243
2	1.5	40	2	3	16	27.330549	198851
2	1.4	40	2	3	17	34.036311	216998
2	1.3	40	2	3	18	41.021387	262674
2	1.2	40	2	3	18	48.273246	218364
2	1.1	40	2	3	19	55.803706	327037
2	1	40	2	3	20	63.575148	384525
2	0.9	40	2	3	21	71.593372	555996
2	0.8	40	2	3	21	79.905547	373572
2	0.7	40	2	3	22	88.476927	566311
2	0.6	40	2	3	23	97.328208	625356
2	0.5	40	2	3	24	106.49178	955392
2	0.4	40	2	3	25	116.00508	1126063
2	0.3	40	2	3	26	125.92288	1136324
2	0.2	40	2	3	27	136.32665	1440687
2	1.8	40	2	4	13	9.2191401	306542
2	1.7	40	2	4	14	14.874668	339915
2	1.6	40	2	4	15	20.940784	370659
2	1.5	40	2	4	16	27.351991	426113
2	1.4	40	2	4	17	34.068478	520563
2	1.3	40	2	4	18	41.050891	541860
2	1.2	40	2	4	18	48.298867	516805
2	1.1	40	2	4	19	55.825099	699199
2	1	40	2	4	20	63.595385	835349
2	0.9	40	2	4	20	71.622645	656027
2	0.8	40	2	4	21	79.929183	1067165
2	0.7	40	2	4	22	88.493678	1161807
2	0.6	40	2	4	23	97.339873	1424409
2	0.5	40	2	4	24	106.50025	2154177
2	0.4	40	2	4	25	116.01196	2562782
2	0.3	40	2	4	26	125.92625	2523830
2	0.2	40	2	4	27	136.32903	3307166
2	1.8	20	1	1	13	8.4325046	15036
2	1.7	20	1	1	14	13.867777	13605
2	1.6	20	1	1	15	19.767724	14217
2	1.5	20	1	1	16	26.059443	15478
2	1.4	20	1	1	17	32.680024	22019
2	1.3	20	1	1	18	39.611191	24363
2	1.2	20	1	1	18	46.840306	17967
2	1.1	20	1	1	19	54.370431	22903
2	1	20	1	1	20	62.161473	24253
2	0.9	20	1	1	21	70.218201	31516
2	0.8	20	1	1	22	78.561482	36960
2	0.7	20	1	1	22	87.201261	28464
2	0.6	20	1	1	23	96.149713	33492
2	0.5	20	1	1	24	105.42056	42515
2	0.4	20	1	1	25	115.05462	45514
2	0.3	20	1	1	27	125.12041	59371
2	0.2	20	1	1	28	135.70527	68130
2	1.8	20	1	2	12	8.6579757	48848
2	1.7	20	1	2	14	14.114525	72459
2	1.6	20	1	2	15	20.000695	74794
2	1.5	20	1	2	16	26.261484	86981
2	1.4	20	1	2	17	32.860045	133611
2	1.3	20	1	2	18	39.762954	156289
2	1.2	20	1	2	18	46.977405	117723
2	1.1	20	1	2	19	54.468888	165860
2	1	20	1	2	20	62.23674	185331
2	0.9	20	1	2	21	70.273272	262750
2	0.8	20	1	2	21	78.604092	204900
2	0.7	20	1	2	22	87.232017	239275
2	0.6	20	1	2	23	96.166191	299808
2	0.5	20	1	2	24	105.43146	420339
2	0.4	20	1	2	25	115.06021	491315
2	0.3	20	1	2	27	125.12232	698827
2	0.2	20	1	2	28	135.70615	815536
2	1.8	20	1	3	13	8.7070156	209774
2	1.7	20	1	3	14	14.200162	179904
2	1.6	20	1	3	15	20.115411	225133
2	1.5	20	1	3	16	26.411151	314930
2	1.4	20	1	3	17	33.008301	427621
2	1.3	20	1	3	17	39.921366	323267
2	1.2	20	1	3	18	47.12996	410326
2	1.1	20	1	3	19	54.613342	483362
2	1	20	1	3	20	62.359419	568102
2	0.9	20	1	3	20	70.383427	486434
2	0.8	20	1	3	21	78.700453	733648
2	0.7	20	1	3	22	87.313616	972895
2	0.6	20	1	3	23	96.226319	1024432
2	0.5	20	1	3	24	105.47226	1321811
2	0.4	20	1	3	25	115.08891	1574052
2	0.3	20	1	3	27	125.1349	2259241
2	0.2	20	1	3	28	135.71329	2777065
2	1.8	20	1	4	12	8.740831	360662
2	1.7	20	1	4	14	14.244848	503347
2	1.6	20	1	4	15	20.167007	578423
2	1.5	20	1	4	16	26.454475	629667
2	1.4	20	1	4	17	33.065043	991253
2	1.3	20	1	4	17	39.974171	709992
2	1.2	20	1	4	18	47.183592	1095988
2	1.1	20	1	4	19	54.661864	1255976
2	1	20	1	4	20	62.411989	1330635
2	0.9	20	1	4	20	70.430067	1176974
2	0.8	20	1	4	21	78.746125	1784347
2	0.7	20	1	4	22	87.346291	2088525
2	0.6	20	1	4	23	96.25472	2733706
2	0.5	20	1	4	24	105.49493	3080177
2	0.4	20	1	4	25	115.1055	3709343
2	0.3	20	1	4	27	125.1445	5836684
2	0.2	20	1	4	28	135.71823	6976436
2	1.8	10	0.5	1	12	7.4769177	12478
2	1.7	10	0.5	1	13	12.61356	15426
2	1.6	10	0.5	1	14	18.296518	17113
2	1.5	10	0.5	1	16	24.428453	25536
2	1.4	10	0.5	1	17	30.941769	32799
2	1.3	10	0.5	1	18	37.794169	33569
2	1.2	10	0.5	1	19	44.982047	38808
2	1.1	10	0.5	1	19	52.484386	26942
2	1	10	0.5	1	20	60.287992	35139
2	0.9	10	0.5	1	21	68.385307	40288
2	0.8	10	0.5	1	22	76.795303	40755
2	0.7	10	0.5	1	23	85.506931	52584
2	0.6	10	0.5	1	24	94.557055	59548
2	0.5	10	0.5	1	25	103.95781	49750
2	0.4	10	0.5	1	27	113.75893	79752
2	0.3	10	0.5	1	28	124.02203	75122
2	0.2	10	0.5	1	31	134.86151	129036
2	1.8	10	0.5	2	11	7.9787502	39667
2	1.7	10	0.5	2	13	13.201589	86604
2	1.6	10	0.5	2	14	18.888237	93002
2	1.5	10	0.5	2	15	24.986139	152913
2	1.4	10	0.5	2	16	31.443011	150623
2	1.3	10	0.5	2	17	38.239175	192205
2	1.2	10	0.5	2	18	45.349846	239155
2	1.1	10	0.5	2	19	52.789436	268979
2	1	10	0.5	2	20	60.519679	346947
2	0.9	10	0.5	2	21	68.568086	372305
2	0.8	10	0.5	2	22	76.920842	481160
2	0.7	10	0.5	2	23	85.605005	511047
2	0.6	10	0.5	2	24	94.62096	830315
2	0.5	10	0.5	2	25	103.9987	585411
2	0.4	10	0.5	2	27	113.77943	1209335
2	0.3	10	0.5	2	28	124.03394	1088314
2	0.2	10	0.5	2	31	134.8646	2069576
2	1.8	10	0.5	3	11	8.0669271	183578
2	1.7	10	0.5	3	13	13.321913	285509
2	1.6	10	0.5	3	14	19.053552	482036
2	1.5	10	0.5	3	15	25.189585	467034
2	1.4	10	0.5	3	16	31.668719	569944
2	1.3	10	0.5	3	17	38.484524	677599
2	1.2	10	0.5	3	18	45.604525	1143582
2	1.1	10	0.5	3	19	53.030646	1081034
2	1	10	0.5	3	20	60.753625	1241174
2	0.9	10	0.5	3	21	68.774261	1839502
2	0.8	10	0.5	3	22	77.102681	1926680
2	0.7	10	0.5	3	23	85.754643	2650716
2	0.6	10	0.5	3	24	94.741312	2749732
2	0.5	10	0.5	3	25	104.09262	2568601
2	0.4	10	0.5	3	26	113.84166	3173141
2	0.3	10	0.5	3	28	124.07286	4868130
2	0.2	10	0.5	3	30	134.88191	5524375
2	1.8	10	0.5	4	11	8.1189677	474307
2	1.7	10	0.5	4	13	13.395225	913761
2	1.6	10	0.5	4	14	19.145845	1019292
2	1.5	10	0.5	4	15	25.281857	1532199
2	1.4	10	0.5	4	16	31.773119	1655187
2	1.3	10	0.5	4	17	38.583192	2093707
2	1.2	10	0.5	4	18	45.700671	2500814
2	1.1	10	0.5	4	19	53.121542	3108215
2	1	10	0.5	4	20	60.834866	3393538
2	0.9	10	0.5	4	20	68.85116	2317135
2	0.8	10	0.5	4	21	77.174564	3879609
2	0.7	10	0.5	4	23	85.812486	6930839
2	0.6	10	0.5	4	24	94.791983	9000481
2	0.5	10	0.5	4	25	104.13293	6592727
2	0.4	10	0.5	4	26	113.87202	7213655
2	0.3	10	0.5	4	28	124.09305	9470327
2	0.2	10	0.5	4	30	134.89256	16183384
2	1.8	5	0.25	1	10	6.1723204	10233
2	1.7	5	0.25	1	12	10.907469	17430
2	1.6	5	0.25	1	14	16.281522	28233
2	1.5	5	0.25	1	15	22.180293	27390
2	1.4	5	0.25	1	16	28.535579	33856
2	1.3	5	0.25	1	17	35.281444	38606
2	1.2	5	0.25	1	18	42.393187	40423
2	1.1	5	0.25	1	19	49.862453	58161
2	1	5	0.25	1	20	57.670079	44587
2	0.9	5	0.25	1	22	65.82017	80971
2	0.8	5	0.25	1	23	74.308422	80716
2	0.7	5	0.25	1	24	83.136572	92412
2	0.6	5	0.25	1	25	92.320886	80266
2	0.5	5	0.25	1	27	101.9152	99888
2	0.4	5	0.25	1	29	111.94244	117813
2	0.3	5	0.25	1	31	122.48322	153164
2	0.2	5	0.25	1	34	133.66842	197732
2	1.8	5	0.25	2	10	7.0882652	54719
2	1.7	5	0.25	2	11	12.026079	106415
2	1.6	5	0.25	2	13	17.466439	164041
2	1.5	5	0.25	2	14	23.370152	166515
2	1.4	5	0.25	2	15	29.654157	186703
2	1.3	5	0.25	2	16	36.308444	356109
2	1.2	5	0.25	2	17	43.308574	378768
2	1.1	5	0.25	2	18	50.655715	497302
2	1	5	0.25	2	19	58.332289	405640
2	0.9	5	0.25	2	21	66.35562	846460
2	0.8	5	0.25	2	22	74.726432	953078
2	0.7	5	0.25	2	23	83.45016	1194650
2	0.6	5	0.25	2	25	92.552634	1609399
2	0.5	5	0.25	2	26	102.0623	1199790
2	0.4	5	0.25	2	28	112.03198	1947916
2	0.3	5	0.25	2	31	122.53052	3662955
2	0.2	5	0.25	2	34	133.68742	4596748
2	1.8	5	0.25	3	10	7.2552686	264632
2	1.7	5	0.25	3	11	12.23493	394140
2	1.6	5	0.25	3	12	17.719811	568447
2	1.5	5	0.25	3	14	23.647866	930639
2	1.4	5	0.25	3	15	29.958273	1120277
2	1.3	5	0.25	3	16	36.633209	1431070
2	1.2	5	0.25	3	17	43.643384	1796439
2	1.1	5	0.25	3	18	50.98245	1992632
2	1	5	0.25	3	19	58.653431	1945445
2	0.9	5	0.25	3	21	66.651181	3621024
2	0.8	5	0.25	3	22	74.999045	4404558
2	0.7	5	0.25	3	23	83.691724	6119270
2	0.6	5	0.25	3	25	92.751882	6756118
2	0.5	5	0.25	3	26	102.22759	6708441
2	0.4	5	0.25	3	28	112.15368	7818630
2	0.3	5	0.25	3	31	122.60467	15895806
2	0.2	5	0.25	3	34	133.72656	20455193
2	1.8	5	0.25	4	9	7.3301415	461854
2	1.7	5	0.25	4	11	12.345204	1104783
2	1.6	5	0.25	4	12	17.849221	1717124
2	1.5	5	0.25	4	14	23.784713	2418605
2	1.4	5	0.25	4	15	30.113253	3713544
2	1.3	5	0.25	4	16	36.790093	3744783
2	1.2	5	0.25	4	17	43.803422	4603208
2	1.1	5	0.25	4	18	51.139687	7014707
2	1	5	0.25	4	19	58.804861	4578920
2	0.9	5	0.25	4	20	66.791301	7554364
2	0.8	5	0.25	4	22	75.118008	14611456
2	0.7	5	0.25	4	23	83.798691	12421733
2	0.6	5	0.25	4	24	92.839061	9922310
2	0.5	5	0.25	4	26	102.29759	12557101
2	0.4	5	0.25	4	28	112.20396	19220480
2	0.3	5	0.25	4	30	122.63917	27632294
2	0.2	5	0.25	4	34	133.74361	86361922
2	1.8	2.5	0.125	1	8	4.5323818	10288
2	1.7	2.5	0.125	1	10	8.6819826	20207
2	1.6	2.5	0.125	1	12	13.611989	29057
2	1.5	2.5	0.125	1	14	19.162927	45460
2	1.4	2.5	0.125	1	15	25.264229	47532
2	1.3	2.5	0.125	1	17	31.830307	72035
2	1.2	2.5	0.125	1	18	38.843713	81982
2	1.1	2.5	0.125	1	19	46.251596	86025
2	1	2.5	0.125	1	21	54.056075	124369
2	0.9	2.5	0.125	1	22	62.247335	125039
2	0.8	2.5	0.125	1	24	70.819751	155020
2	0.7	2.5	0.125	1	25	79.777965	171557
2	0.6	2.5	0.125	1	27	89.161078	177918
2	0.5	2.5	0.125	1	29	98.989604	203269
2	0.4	2.5	0.125	1	32	109.32108	270374
2	0.3	2.5	0.125	1	35	120.2381	348049
2	0.2	2.5	0.125	1	39	131.90167	346515
2	1.8	2.5	0.125	2	8	5.8950113	64101
2	1.7	2.5	0.125	2	10	10.468269	140928
2	1.6	2.5	0.125	2	11	15.632805	175229
2	1.5	2.5	0.125	2	12	21.273856	240201
2	1.4	2.5	0.125	2	14	27.342235	400598
2	1.3	2.5	0.125	2	15	33.824765	519277
2	1.2	2.5	0.125	2	16	40.683999	768788
2	1.1	2.5	0.125	2	18	47.90971	1102698
2	1	2.5	0.125	2	19	55.525818	1245517
2	0.9	2.5	0.125	2	20	63.497467	1399738
2	0.8	2.5	0.125	2	22	71.862638	1982982
2	0.7	2.5	0.125	2	24	80.616798	3231487
2	0.6	2.5	0.125	2	26	89.802097	3335441
2	0.5	2.5	0.125	2	28	99.451522	4456485
2	0.4	2.5	0.125	2	31	109.62141	6288234
2	0.3	2.5	0.125	2	34	120.40934	7752666
2	0.2	2.5	0.125	2	39	131.97724	9539306
2	1.8	2.5	0.125	3	8	6.2351203	304038
2	1.7	2.5	0.125	3	9	10.891847	598887
2	1.6	2.5	0.125	3	11	16.092704	1126156
2	1.5	2.5	0.125	3	12	21.775017	1607490
2	1.4	2.5	0.125	3	13	27.866866	1607956
2	1.3	2.5	0.125	3	14	34.340402	2461202
2	1.2	2.5	0.125	3	16	41.194416	4406670
2	1.1	2.5	0.125	3	17	48.399082	4143102
2	1	2.5	0.125	3	19	55.963332	7250853
2	0.9	2.5	0.125	3	20	63.90442	7174096
2	0.8	2.5	0.125	3	22	72.218675	10462387
2	0.7	2.5	0.125	3	24	80.925574	16955937
2	0.6	2.5	0.125	3	26	90.06505	16866880
2	0.5	2.5	0.125	3	28	99.668223	21167757
2	0.4	2.5	0.125	3	31	109.78744	24936158
2	0.3	2.5	0.125	3	34	120.52885	33355560
2	0.2	2.5	0.125	3	38	132.04558	37085931
2	1.8	2.5	0.125	4	7	6.3860448	737682
2	1.7	2.5	0.125	4	9	11.081866	2096700
2	1.6	2.5	0.125	4	10	16.298441	2314808
2	1.5	2.5	0.125	4	12	21.986007	5125216
2	1.4	2.5	0.125	4	13	28.08411	5792021
2	1.3	2.5	0.125	4	14	34.558927	6690943
2	1.2	2.5	0.125	4	16	41.405522	13894294
2	1.1	2.5	0.125	4	17	48.612115	12176031
2	1	2.5	0.125	4	18	56.167737	15460918
2	0.9	2.5	0.125	4	20	64.105329	20476411
2	0.8	2.5	0.125	4	22	72.40254	29511252
2	0.7	2.5	0.125	4	23	81.09303	25641192
2	0.6	2.5	0.125	4	25	90.20789	24255167
2	0.5	2.5	0.125	4	28	99.783527	47298713
2	0.4	2.5	0.125	4	30	109.87578	44322830
2	0.3	2.5	0.125	4	34	120.58639	127963868
2	0.2	2.5	0.125	4	38	132.07843	161270689
2	1.8	1.25	0.0625	1	6	2.7111709	9884
2	1.7	1.25	0.0625	1	8	6.0734106	22480
2	1.6	1.25	0.0625	1	10	10.355525	43697
2	1.5	1.25	0.0625	1	12	15.405443	65448
2	1.4	1.25	0.0625	1	14	21.101364	107856
2	1.3	1.25	0.0625	1	15	27.371346	126535
2	1.2	1.25	0.0625	1	17	34.165235	186284
2	1.1	1.25	0.0625	1	19	41.440424	243566
2	1	1.25	0.0625	1	21	49.171671	327612
2	0.9	1.25	0.0625	1	23	57.357542	402184
2	0.8	1.25	0.0625	1	25	65.986174	491540
2	0.7	1.25	0.0625	1	27	75.094556	550170
2	0.6	1.25	0.0625	1	29	84.674561	619074
2	0.5	1.25	0.0625	1	32	94.786089	719468
2	0.4	1.25	0.0625	1	36	105.49387	856407
2	0.3	1.25	0.0625	1	41	116.90201	1051143
2	0.2	1.25	0.0625	1	47	129.2166	1253092
2	1.8	1.25	0.0625	2	6	4.3811402	82943
2	1.7	1.25	0.0625	2	8	8.4992908	193446
2	1.6	1.25	0.0625	2	9	13.280776	319508
2	1.5	1.25	0.0625	2	11	18.578758	524215
2	1.4	1.25	0.0625	2	12	24.374178	773040
2	1.3	1.25	0.0625	2	13	30.591605	931163
2	1.2	1.25	0.0625	2	15	37.260969	1870110
2	1.1	1.25	0.0625	2	17	44.321316	2852599
2	1	1.25	0.0625	2	18	51.815219	3284266
2	0.9	1.25	0.0625	2	20	59.71823	4943892
2	0.8	1.25	0.0625	2	22	68.042035	6562703
2	0.7	1.25	0.0625	2	24	76.818433	6829086
2	0.6	1.25	0.0625	2	27	86.070822	13345977
2	0.5	1.25	0.0625	2	30	95.854049	15851976
2	0.4	1.25	0.0625	2	34	106.24522	21609103
2	0.3	1.25	0.0625	2	38	117.36614	21349533
2	0.2	1.25	0.0625	2	45	129.43882	23777973
2	1.8	1.25	0.0625	3	6	4.9761247	389177
2	1.7	1.25	0.0625	3	7	9.2382554	902225
2	1.6	1.25	0.0625	3	9	14.091802	2003828
2	1.5	1.25	0.0625	3	10	19.471591	2614980
2	1.4	1.25	0.0625	3	11	25.292766	4051025
2	1.3	1.25	0.0625	3	13	31.536194	7451539
2	1.2	1.25	0.0625	3	14	38.180861	9382680
2	1.1	1.25	0.0625	3	16	45.210727	13032496
2	1	1.25	0.0625	3	17	52.63058	14352228
2	0.9	1.25	0.0625	3	19	60.44818	20589188
2	0.8	1.25	0.0625	3	21	68.671718	28693584
2	0.7	1.25	0.0625	3	23	77.335921	28807813
2	0.6	1.25	0.0625	3	26	86.484117	46412225
2	0.5	1.25	0.0625	3	29	96.167776	44233073
2	0.4	1.25	0.0625	3	33	106.47324	45841262
2	0.3	1.25	0.0625	3	38	117.52097	57438498
2	0.2	1.25	0.0625	3	45	129.53139	124306767
2	1.8	1.25	0.0625	4	5	5.2536478	945499
2	1.7	1.25	0.0625	4	7	9.5795367	2994134
2	1.6	1.25	0.0625	4	8	14.476029	5014446
2	1.5	1.25	0.0625	4	10	19.87722	11715213
2	1.4	1.25	0.0625	4	11	25.716769	16233311
2	1.3	1.25	0.0625	4	12	31.945826	15011964
2	1.2	1.25	0.0625	4	14	38.57236	29626454
2	1.1	1.25	0.0625	4	15	45.568243	30265944
2	1	1.25	0.0625	4	17	52.955907	44809325
2	0.9	1.25	0.0625	4	19	60.736117	95091577
2	0.8	1.25	0.0625	4	21	68.92631	111223747
2	0.7	1.25	0.0625	4	23	77.565353	75771652
2	0.6	1.25	0.0625	4	26	86.680173	138469547
2	0.5	1.25	0.0625	4	29	96.333196	176605527
2	0.4	1.25	0.0625	4	33	106.602	201283819
2	0.3	1.25	0.0625	4	38	117.61373	263681486
2	0.2	1.25	0.0625	4	45	129.58742	600759600
2	1.8	60	2	1	22	15.401784	39986
2	1.7	60	2	1	23	24.493367	40841
2	1.6	60	2	1	25	34.110869	52584
2	1.5	60	2	1	26	44.163194	56578
2	1.4	60	2	1	27	54.599899	61568
2	1.3	60	2	1	27	65.396583	48637
2	1.2	60	2	1	28	76.534263	54544
2	1.1	60	2	1	29	87.994922	57778
2	1	60	2	1	30	99.762759	62962
2	0.9	60	2	1	31	111.84259	61840
2	0.8	60	2	1	32	124.24168	77871
2	0.7	60	2	1	32	136.9735	63475
2	0.6	60	2	1	33	150.06287	72252
2	0.5	60	2	1	34	163.51932	83468
2	0.4	60	2	1	36	177.39721	91944
2	0.3	60	2	1	37	191.7548	104796
2	0.2	60	2	1	39	206.69704	128440
2	1.8	60	2	2	22	15.477142	212114
2	1.7	60	2	2	23	24.559886	219345
2	1.6	60	2	2	24	34.159828	231301
2	1.5	60	2	2	25	44.201841	247426
2	1.4	60	2	2	26	54.636505	292450
2	1.3	60	2	2	27	65.426382	321974
2	1.2	60	2	2	28	76.549137	329602
2	1.1	60	2	2	29	88.005215	371119
2	1	60	2	2	30	99.769722	419749
2	0.9	60	2	2	31	111.84688	459343
2	0.8	60	2	2	32	124.24423	624638
2	0.7	60	2	2	32	136.97561	464581
2	0.6	60	2	2	33	150.0641	599226
2	0.5	60	2	2	34	163.51997	707354
2	0.4	60	2	2	36	177.39741	881155
2	0.3	60	2	2	37	191.75489	1036804
2	0.2	60	2	2	39	206.69706	1410507
2	1.8	60	2	3	22	15.550361	572529
2	1.7	60	2	3	23	24.669236	610647
2	1.6	60	2	3	24	34.276711	627550
2	1.5	60	2	3	25	44.328102	711099
2	1.4	60	2	3	26	54.755512	792015
2	1.3	60	2	3	27	65.540106	817935
2	1.2	60	2	3	28	76.657024	929786
2	1.1	60	2	3	29	88.091129	1061922
2	1	60	2	3	30	99.834711	1191078
2	0.9	60	2	3	31	111.89661	1294959
2	0.8	60	2	3	31	124.28262	1258544
2	0.7	60	2	3	32	137.00742	1543893
2	0.6	60	2	3	33	150.08371	1761950
2	0.5	60	2	3	34	163.53471	2136713
2	0.4	60	2	3	36	177.40363	2649999
2	0.3	60	2	3	37	191.75797	3193255
2	0.2	60	2	3	39	206.69825	4248528
2	1.8	60	2	4	22	15.57757	1202028
2	1.7	60	2	4	23	24.696189	1314884
2	1.6	60	2	4	24	34.322173	1388286
2	1.5	60	2	4	25	44.367991	1549507
2	1.4	60	2	4	26	54.798632	1791467
2	1.3	60	2	4	27	65.58561	1872592
2	1.2	60	2	4	28	76.700604	2110983
2	1.1	60	2	4	29	88.132542	2374410
2	1	60	2	4	30	99.877238	2559252
2	0.9	60	2	4	31	111.93457	2853759
2	0.8	60	2	4	31	124.31589	2650384
2	0.7	60	2	4	32	137.03688	3489946
2	0.6	60	2	4	33	150.10387	3949686
2	0.5	60	2	4	34	163.54918	5116869
2	0.4	60	2	4	36	177.41196	5799940
2	0.3	60	2	4	37	191.76396	7007644
2	0.2	60	2	4	39	206.70049	8576920
2	1.8	30	1	1	21	14.556261	46073
2	1.7	30	1	1	23	23.402658	50220
2	1.6	30	1	1	24	32.841094	46788
2	1.5	30	1	1	25	42.755512	43772
2	1.4	30	1	1	26	53.09174	46236
2	1.3	30	1	1	27	63.82052	51645
2	1.2	30	1	1	28	74.905158	51888
2	1.1	30	1	1	29	86.345441	56746
2	1	30	1	1	30	98.122772	57768
2	0.9	30	1	1	31	110.23211	81188
2	0.8	30	1	1	32	122.6815	88074
2	0.7	30	1	1	33	135.49251	71454
2	0.6	30	1	1	34	148.66654	77456
2	0.5	30	1	1	35	162.24332	90714
2	0.4	30	1	1	37	176.26009	136039
2	0.3	30	1	1	38	190.79734	117552
2	0.2	30	1	1	40	205.96204	147112
2	1.8	30	1	2	21	14.77678	251652
2	1.7	30	1	2	22	23.610895	213672
2	1.6	30	1	2	24	33.016136	337276
2	1.5	30	1	2	25	42.902315	310872
2	1.4	30	1	2	26	53.214812	317396
2	1.3	30	1	2	27	63.912269	389995
2	1.2	30	1	2	28	74.97873	425314
2	1.1	30	1	2	29	86.390885	460138
2	1	30	1	2	30	98.157415	551234
2	0.9	30	1	2	31	110.25492	770211
2	0.8	30	1	2	32	122.69656	861042
2	0.7	30	1	2	33	135.50182	721074
2	0.6	30	1	2	34	148.67242	817861
2	0.5	30	1	2	35	162.24664	992682
2	0.4	30	1	2	37	176.26137	1679117
2	0.3	30	1	2	38	190.79799	1463703
2	0.2	30	1	2	40	205.96222	2087590
2	1.8	30	1	3	21	14.915783	918007
2	1.7	30	1	3	22	23.814609	651517
2	1.6	30	1	3	24	33.263177	1237601
2	1.5	30	1	3	25	43.16046	995730
2	1.4	30	1	3	26	53.47347	1059960
2	1.3	30	1	3	27	64.162247	1508812
2	1.2	30	1	3	28	75.201146	1546040
2	1.1	30	1	3	29	86.590909	1681243
2	1	30	1	3	30	98.321515	1882851
2	0.9	30	1	3	31	110.3854	2879200
2	0.8	30	1	3	32	122.80629	3181800
2	0.7	30	1	3	33	135.57851	2687474
2	0.6	30	1	3	34	148.73214	3149266
2	0.5	30	1	3	35	162.28456	3757750
2	0.4	30	1	3	37	176.28218	6694941
2	0.3	30	1	3	38	190.81023	5840187
2	0.2	30	1	3	40	205.96721	7629258
2	1.8	30	1	4	21	14.961703	1793630
2	1.7	30	1	4	22	23.874102	1524842
2	1.6	30	1	4	24	33.328414	2807165
2	1.5	30	1	4	25	43.245534	2106957
2	1.4	30	1	4	26	53.559397	2439888
2	1.3	30	1	4	27	64.245599	2682871
2	1.2	30	1	4	28	75.292676	3122825
2	1.1	30	1	4	29	86.675861	3426308
2	1	30	1	4	30	98.400556	3895157
2	0.9	30	1	4	31	110.46174	5989721
2	0.8	30	1	4	32	122.86581	6744640
2	0.7	30	1	4	33	135.63319	5838020
2	0.6	30	1	4	34	148.77229	7242370
2	0.5	30	1	4	35	162.31843	7730464
2	0.4	30	1	4	36	176.3052	8651789
2	0.3	30	1	4	38	190.82309	11110527
2	0.2	30	1	4	40	205.97337	15495876
2	1.8	15	0.5	1	20	13.314814	36398
2	1.7	15	0.5	1	22	21.809996	54145
2	1.6	15	0.5	1	23	30.975747	45771
2	1.5	15	0.5	1	25	40.703345	66639
2	1.4	15	0.5	1	26	50.922461	73219
2	1.3	15	0.5	1	27	61.555256	66996
2	1.2	15	0.5	1	28	72.595733	72673
2	1.1	15	0.5	1	29	84.010572	76517
2	1	15	0.5	1	30	95.801381	84234
2	0.9	15	0.5	1	32	107.95825	111066
2	0.8	15	0.5	1	33	120.49398	96498
2	0.7	15	0.5	1	34	133.40743	102540
2	0.6	15	0.5	1	35	146.7234	122617
2	0.5	15	0.5	1	37	160.46555	144879
2	0.4	15	0.5	1	38	174.69608	122512
2	0.3	15	0.5	1	40	189.4799	158334
2	0.2	15	0.5	1	43	204.95363	185187
2	1.8	15	0.5	2	19	13.892075	158728
2	1.7	15	0.5	2	21	22.402117	324722
2	1.6	15	0.5	2	22	31.528348	246466
2	1.5	15	0.5	2	24	41.185009	533429
2	1.4	15	0.5	2	25	51.314716	594910
2	1.3	15	0.5	2	27	61.868775	810288
2	1.2	15	0.5	2	28	72.840406	830270
2	1.1	15	0.5	2	29	84.211495	863850
2	1	15	0.5	2	30	95.954532	907301
2	0.9	15	0.5	2	31	108.07207	1346940
2	0.8	15	0.5	2	32	120.56703	1093329
2	0.7	15	0.5	2	34	133.45621	1612924
2	0.6	15	0.5	2	35	146.75646	2163930
2	0.5	15	0.5	2	36	160.48204	1542933
2	0.4	15	0.5	2	38	174.70611	2067809
2	0.3	15	0.5	2	40	189.48437	2906146
2	0.2	15	0.5	2	43	204.95493	4168523
2	1.8	15	0.5	3	19	14.060393	650719
2	1.7	15	0.5	3	21	22.677745	1265376
2	1.6	15	0.5	3	23	31.884151	1709131
2	1.5	15	0.5	3	24	41.599424	2285558
2	1.4	15	0.5	3	25	51.759528	2158191
2	1.3	15	0.5	3	26	62.324372	2446399
2	1.2	15	0.5	3	27	73.269027	2052955
2	1.1	15	0.5	3	29	84.597651	4465904
2	1	15	0.5	3	30	96.298439	4710423
2	0.9	15	0.5	3	31	108.37596	4795928
2	0.8	15	0.5	3	32	120.82121	4821122
2	0.7	15	0.5	3	33	133.65034	5359370
2	0.6	15	0.5	3	35	146.90066	9152919
2	0.5	15	0.5	3	36	160.59137	7912534
2	0.4	15	0.5	3	38	174.77308	7963827
2	0.3	15	0.5	3	40	189.52172	9551675
2	0.2	15	0.5	3	43	204.9698	13529278
2	1.8	15	0.5	4	19	14.163254	2014817
2	1.7	15	0.5	4	21	22.801268	6117701
2	1.6	15	0.5	4	22	32.020533	5156171
2	1.5	15	0.5	4	24	41.749789	9307160
2	1.4	15	0.5	4	25	51.906074	9896665
2	1.3	15	0.5	4	26	62.473064	6776687
2	1.2	15	0.5	4	27	73.418574	8537736
2	1.1	15	0.5	4	28	84.743107	9925975
2	1	15	0.5	4	30	96.4323	19119301
2	0.9	15	0.5	4	31	108.49582	16838415
2	0.8	15	0.5	4	32	120.92998	12976957
2	0.7	15	0.5	4	33	133.74642	18877330
2	0.6	15	0.5	4	35	146.97488	31770385
2	0.5	15	0.5	4	36	160.65175	25571435
2	0.4	15	0.5	4	38	174.81547	27123328
2	0.3	15	0.5	4	40	189.54829	44600029
2	0.2	15	0.5	4	43	204.983	62816550
2	1.8	7.5	0.25	1	18	11.584025	40854
2	1.7	7.5	0.25	1	20	19.571905	48955
2	1.6	7.5	0.25	1	22	28.376311	61104
2	1.5	7.5	0.25	1	24	37.83247	82969
2	1.4	7.5	0.25	1	26	47.840443	99785
2	1.3	7.5	0.25	1	27	58.366376	105743
2	1.2	7.5	0.25	1	28	69.332894	100509
2	1.1	7.5	0.25	1	30	80.733093	140710
2	1	7.5	0.25	1	31	92.558104	125469
2	0.9	7.5	0.25	1	32	104.78312	138794
2	0.8	7.5	0.25	1	34	117.42178	162639
2	0.7	7.5	0.25	1	35	130.48594	174675
2	0.6	7.5	0.25	1	37	143.9922	209077
2	0.5	7.5	0.25	1	39	157.9743	243967
2	0.4	7.5	0.25	1	41	172.49075	236228
2	0.3	7.5	0.25	1	44	187.61947	287151
2	0.2	7.5	0.25	1	47	203.52379	357287
2	1.8	7.5	0.25	2	17	12.772029	190759
2	1.7	7.5	0.25	2	19	20.902659	286559
2	1.6	7.5	0.25	2	20	29.700382	351634
2	1.5	7.5	0.25	2	22	39.080269	620970
2	1.4	7.5	0.25	2	24	48.964109	862433
2	1.3	7.5	0.25	2	25	59.332791	1012999
2	1.2	7.5	0.25	2	27	70.148798	1389665
2	1.1	7.5	0.25	2	28	81.409181	1427055
2	1	7.5	0.25	2	30	93.092219	1950758
2	0.9	7.5	0.25	2	31	105.20047	2038446
2	0.8	7.5	0.25	2	33	117.73867	2735371
2	0.7	7.5	0.25	2	35	130.70667	4207293
2	0.6	7.5	0.25	2	36	144.14535	3681088
2	0.5	7.5	0.25	2	38	158.0721	4569499
2	0.4	7.5	0.25	2	41	172.54279	6190258
2	0.3	7.5	0.25	2	43	187.64857	4936609
2	0.2	7.5	0.25	2	47	203.53356	9797228
2	1.8	7.5	0.25	3	17	12.988408	1181082
2	1.7	7.5	0.25	3	19	21.226787	1722622
2	1.6	7.5	0.25	3	21	30.120133	2339028
2	1.5	7.5	0.25	3	22	39.570897	3346508
2	1.4	7.5	0.25	3	24	49.51691	4503053
2	1.3	7.5	0.25	3	25	59.913563	4980664
2	1.2	7.5	0.25	3	27	70.737261	6748701
2	1.1	7.5	0.25	3	28	81.983419	6777308
2	1	7.5	0.25	3	29	93.624366	6277414
2	0.9	7.5	0.25	3	31	105.6902	11608735
2	0.8	7.5	0.25	3	32	118.15894	8766886
2	0.7	7.5	0.25	3	34	131.07256	16062988
2	0.6	7.5	0.25	3	36	144.43566	19189225
2	0.5	7.5	0.25	3	38	158.29313	20913938
2	0.4	7.5	0.25	3	40	172.6974	16459485
2	0.3	7.5	0.25	3	43	187.74268	20810255
2	0.2	7.5	0.25	3	47	203.57668	51977336
2	1.8	7.5	0.25	4	17	13.126233	4580496
2	1.7	7.5	0.25	4	19	21.413149	6318729
2	1.6	7.5	0.25	4	21	30.335721	9718579
2	1.5	7.5	0.25	4	22	39.817728	12773528
2	1.4	7.5	0.25	4	24	49.769084	15352425
2	1.3	7.5	0.25	4	25	60.173314	14589301
2	1.2	7.5	0.25	4	26	70.985588	16489078
2	1.1	7.5	0.25	4	28	82.218964	29958382
2	1	7.5	0.25	4	29	93.85149	20641371
2	0.9	7.5	0.25	4	31	105.88978	30720050
2	0.8	7.5	0.25	4	32	118.34057	24265134
2	0.7	7.5	0.25	4	34	131.22407	45482519
2	0.6	7.5	0.25	4	36	144.55737	50927978
2	0.5	7.5	0.25	4	38	158.38667	66390473
2	0.4	7.5	0.25	4	40	172.76719	55170134
2	0.3	7.5	0.25	4	43	187.78696	94700072
2	0.2	7.5	0.25	4	47	203.60036	297212955
2	1.8	3.75	0.125	1	15	9.2939047	41631
2	1.7	3.75	0.125	1	18	16.558422	67136
2	1.6	3.75	0.125	1	20	24.811124	88338
2	1.5	3.75	0.125	1	23	33.864091	135755
2	1.4	3.75	0.125	1	24	43.589438	138548
2	1.3	3.75	0.125	1	26	53.911646	168355
2	1.2	3.75	0.125	1	28	64.768563	224864
2	1.1	3.75	0.125	1	30	76.12442	266959
2	1	3.75	0.125	1	31	87.961479	253996
2	0.9	3.75	0.125	1	33	100.2741	307925
2	0.8	3.75	0.125	1	35	113.05191	339244
2	0.7	3.75	0.125	1	37	126.30938	346792
2	0.6	3.75	0.125	1	39	140.06953	400225
2	0.5	3.75	0.125	1	42	154.37913	497669
2	0.4	3.75	0.125	1	45	169.28854	586089
2	0.3	3.75	0.125	1	49	184.90669	598598
2	0.2	3.75	0.125	1	54	201.41476	754297
2	1.8	3.75	0.125	2	14	11.261002	227108
2	1.7	3.75	0.125	2	16	18.932633	381506
2	1.6	3.75	0.125	2	18	27.348086	604569
2	1.5	3.75	0.125	2	20	36.393206	942148
2	1.4	3.75	0.125	2	22	45.999679	1447676
2	1.3	3.75	0.125	2	24	56.124505	2031010
2	1.2	3.75	0.125	2	25	66.757252	2610981
2	1.1	3.75	0.125	2	27	77.869853	3379761
2	1	3.75	0.125	2	29	89.449974	4264900
2	0.9	3.75	0.125	2	31	101.50467	5711853
2	0.8	3.75	0.125	2	33	114.03979	6957973
2	0.7	3.75	0.125	2	35	127.06939	6305185
2	0.6	3.75	0.125	2	38	140.62724	11489131
2	0.5	3.75	0.125	2	41	154.75806	15156101
2	0.4	3.75	0.125	2	44	169.52778	17839745
2	0.3	3.75	0.125	2	48	185.03761	15261101
2	0.2	3.75	0.125	2	53	201.46934	18400134
2	1.8	3.75	0.125	3	14	11.673182	1447660
2	1.7	3.75	0.125	3	16	19.466771	2540597
2	1.6	3.75	0.125	3	18	27.969845	4071619
2	1.5	3.75	0.125	3	20	37.067865	6053308
2	1.4	3.75	0.125	3	21	46.703072	5916663
2	1.3	3.75	0.125	3	23	56.845563	7944055
2	1.2	3.75	0.125	3	25	67.465387	12660743
2	1.1	3.75	0.125	3	27	78.545975	18720668
2	1	3.75	0.125	3	29	90.085813	22061325
2	0.9	3.75	0.125	3	31	102.09065	30265015
2	0.8	3.75	0.125	3	33	114.57142	35010251
2	0.7	3.75	0.125	3	35	127.54317	33050805
2	0.6	3.75	0.125	3	37	141.03046	39902008
2	0.5	3.75	0.125	3	40	155.0904	34095492
2	0.4	3.75	0.125	3	43	169.77632	41839680
2	0.3	3.75	0.125	3	47	185.20482	39386506
2	0.2	3.75	0.125	3	53	201.5601	137906911
2	1.8	3.75	0.125	4	13	11.872733	3980509
2	1.7	3.75	0.125	4	16	19.705007	8897409
2	1.6	3.75	0.125	4	18	28.236519	13640163
2	1.5	3.75	0.125	4	20	37.369154	18629190
2	1.4	3.75	0.125	4	21	47.02939	17979684
2	1.3	3.75	0.125	4	23	57.191988	25083079
2	1.2	3.75	0.125	4	25	67.817038	39983638
2	1.1	3.75	0.125	4	27	78.89288	49737047
2	1	3.75	0.125	4	29	90.422272	50665080
2	0.9	3.75	0.125	4	30	102.40645	43941507
2	0.8	3.75	0.125	4	32	114.8538	54990535
2	0.7	3.75	0.125	4	35	127.78637	74048268
2	0.6	3.75	0.125	4	37	141.2359	90507721
2	0.5	3.75	0.125	4	40	155.2488	108726008
2	0.4	3.75	0.125	4	43	169.89235	343817587
2	0.3	3.75	0.125	4	47	185.2798	354206548
2	0.2	3.75	0.125	4	52	201.59909	337377984
2	1.8	1.875	0.0625	1	11	6.5209129	36451
2	1.7	1.875	0.0625	1	15	12.758028	88934
2	1.6	1.875	0.0625	1	18	20.212123	149863
2	1.5	1.875	0.0625	1	20	28.6575	214659
2	1.4	1.875	0.0625	1	23	37.915414	294127
2	1.3	1.875	0.0625	1	25	47.902508	367192
2	1.2	1.875	0.0625	1	27	58.53819	460573
2	1.1	1.875	0.0625	1	29	69.770275	564116
2	1	1.875	0.0625	1	32	81.577658	722217
2	0.9	1.875	0.0625	1	34	93.94051	844050
2	0.8	1.875	0.0625	1	37	106.8611	1026638
2	0.7	1.875	0.0625	1	39	120.34086	1060623
2	0.6	1.875	0.0625	1	43	134.41814	1319472
2	0.5	1.875	0.0625	1	46	149.13961	1364080
2	0.4	1.875	0.0625	1	50	164.57564	1427864
2	0.3	1.875	0.0625	1	56	180.85923	1780134
2	0.2	1.875	0.0625	1	63	198.21749	1807080
2	1.8	1.875	0.0625	2	11	9.2145045	330124
2	1.7	1.875	0.0625	2	14	16.280878	771910
2	1.6	1.875	0.0625	2	16	24.187511	1186026
2	1.5	1.875	0.0625	2	18	32.795995	1931293
2	1.4	1.875	0.0625	2	20	42.029345	2701744
2	1.3	1.875	0.0625	2	22	51.855	4064814
2	1.2	1.875	0.0625	2	24	62.237406	5824811
2	1.1	1.875	0.0625	2	26	73.161141	8319033
2	1	1.875	0.0625	2	28	84.612067	10303785
2	0.9	1.875	0.0625	2	31	96.588824	17049262
2	0.8	1.875	0.0625	2	33	109.11707	18777778
2	0.7	1.875	0.0625	2	36	122.19188	24452965
2	0.6	1.875	0.0625	2	39	135.87036	26715028
2	0.5	1.875	0.0625	2	43	150.21091	37309838
2	0.4	1.875	0.0625	2	48	165.30036	44659835
2	0.3	1.875	0.0625	2	54	181.28504	50989509
2	0.2	1.875	0.0625	2	62	198.411	62663262
2	1.8	1.875	0.0625	3	11	9.970237	1801920
2	1.7	1.875	0.0625	3	13	17.21617	4168789
2	1.6	1.875	0.0625	3	15	25.262458	7244995
2	1.5	1.875	0.0625	3	17	33.963189	11678330
2	1.4	1.875	0.0625	3	19	43.248611	16396168
2	1.3	1.875	0.0625	3	21	53.069219	23253668
2	1.2	1.875	0.0625	3	23	63.399718	31485282
2	1.1	1.875	0.0625	3	25	74.235679	39933553
2	1	1.875	0.0625	3	27	85.577586	44103498
2	0.9	1.875	0.0625	3	30	97.432696	72451425
2	0.8	1.875	0.0625	3	32	109.83147	74094303
2	0.7	1.875	0.0625	3	35	122.78831	89965554
2	0.6	1.875	0.0625	3	39	136.3616	115417423
2	0.5	1.875	0.0625	3	43	150.6051	109879481
2	0.4	1.875	0.0625	3	47	165.60669	96359609
2	0.3	1.875	0.0625	3	53	181.50658	115846242
2	0.2	1.875	0.0625	3	61	198.54586	388480289
2	1.8	1.875	0.0625	4	10	10.332227	6058564
2	1.7	1.875	0.0625	4	12	17.655918	13205729
2	1.6	1.875	0.0625	4	14	25.739952	22911863
2	1.5	1.875	0.0625	4	16	34.458059	30409026
2	1.4	1.875	0.0625	4	18	43.73424	40161954
2	1.3	1.875	0.0625	4	20	53.538613	59063076
2	1.2	1.875	0.0625	4	22	63.852238	121540094
2	1.1	1.875	0.0625	4	25	74.672076	184040876
2	1	1.875	0.0625	4	27	85.999226	177021265
2	0.9	1.875	0.0625	4	29	97.832535	164627319
2	0.8	1.875	0.0625	4	32	110.20703	211416556
2	0.7	1.875	0.0625	4	35	123.13018	257311256
2	0.6	1.875	0.0625	4	38	136.65626	290459417
2	0.5	1.875	0.0625	4	42	150.84929	327679186
2	0.4	1.875	0.0625	4	47	165.7931	387078443
2	0.3	1.875	0.0625	4	53	181.63238	991633809
2	0.2	1.875	0.0625	4	61	198.61578	1066422610
2	1.8	80	2	1	31	21.979494	99291
2	1.7	80	2	1	32	34.619458	85128
2	1.6	80	2	1	34	47.872919	114971
2	1.5	80	2	1	35	61.640724	94439
2	1.4	80	2	1	36	75.857077	98936
2	1.3	80	2	1	37	90.470959	106775
2	1.2	80	2	1	38	105.48778	109776
2	1.1	80	2	1	39	120.87255	113515
2	1	80	2	1	40	136.62044	120871
2	0.9	80	2	1	41	152.73579	117548
2	0.8	80	2	1	42	169.21736	123082
2	0.7	80	2	1	43	186.07823	138771
2	0.6	80	2	1	44	203.34557	138841
2	0.5	80	2	1	45	221.0383	156066
2	0.4	80	2	1	47	239.20354	218879
2	0.3	80	2	1	48	257.93195	198247
2	0.2	80	2	1	50	277.32565	226376
2	1.8	80	2	2	30	22.024003	525214
2	1.7	80	2	2	32	34.657413	562564
2	1.6	80	2	2	34	47.895418	836632
2	1.5	80	2	2	35	61.658335	671997
2	1.4	80	2	2	36	75.870517	674115
2	1.3	80	2	2	37	90.481412	785059
2	1.2	80	2	2	38	105.49323	809099
2	1.1	80	2	2	39	120.87642	843585
2	1	80	2	2	40	136.62263	940541
2	0.9	80	2	2	41	152.73726	969234
2	0.8	80	2	2	42	169.21824	1075080
2	0.7	80	2	2	43	186.07866	1259573
2	0.6	80	2	2	44	203.34583	1317486
2	0.5	80	2	2	45	221.03844	1553333
2	0.4	80	2	2	47	239.20358	2496856
2	0.3	80	2	2	48	257.93196	2198358
2	0.2	80	2	2	50	277.32565	2834718
2	1.8	80	2	3	30	22.15009	1414605
2	1.7	80	2	3	32	34.805954	1625012
2	1.6	80	2	3	34	48.042647	2449594
2	1.5	80	2	3	35	61.793636	1842040
2	1.4	80	2	3	36	75.987797	1997730
2	1.3	80	2	3	37	90.59644	2267807
2	1.2	80	2	3	38	105.58584	2396647
2	1.1	80	2	3	39	120.94518	2515890
2	1	80	2	3	40	136.67758	3000519
2	0.9	80	2	3	41	152.7781	2913607
2	0.8	80	2	3	42	169.24919	3488511
2	0.7	80	2	3	43	186.09945	3773085
2	0.6	80	2	3	44	203.35997	3979883
2	0.5	80	2	3	45	221.04798	4878980
2	0.4	80	2	3	46	239.20813	5472739
2	0.3	80	2	3	48	257.93426	6967593
2	0.2	80	2	3	50	277.32636	8449184
2	1.8	80	2	4	30	22.178127	3062281
2	1.7	80	2	4	32	34.849563	3390081
2	1.6	80	2	4	33	48.102607	3531585
2	1.5	80	2	4	35	61.865839	4346794
2	1.4	80	2	4	36	76.05998	4718807
2	1.3	80	2	4	37	90.660531	4655466
2	1.2	80	2	4	38	105.65221	4936254
2	1.1	80	2	4	39	121.01283	5416218
2	1	80	2	4	40	136.73183	5883914
2	0.9	80	2	4	41	152.82296	6371180
2	0.8	80	2	4	42	169.28631	7430919
2	0.7	80	2	4	43	186.13264	8368352
2	0.6	80	2	4	44	203.38068	8206283
2	0.5	80	2	4	45	221.06436	9786187
2	0.4	80	2	4	46	239.21838	11053271
2	0.3	80	2	4	48	257.93991	13594647
2	0.2	80	2	4	50	277.32847	15757262
2	1.8	40	1	1	30	20.974869	88954
2	1.7	40	1	1	32	33.331076	100796
2	1.6	40	1	1	33	46.374312	104374
2	1.5	40	1	1	35	59.972331	112630
2	1.4	40	1	1	36	74.081078	118247
2	1.3	40	1	1	37	88.627617	123499
2	1.2	40	1	1	38	103.59409	124604
2	1.1	40	1	1	39	118.96079	130916
2	1	40	1	1	40	134.71697	113910
2	0.9	40	1	1	41	150.86958	111237
2	0.8	40	1	1	42	167.40635	130443
2	0.7	40	1	1	43	184.351	125122
2	0.6	40	1	1	45	201.73388	188575
2	0.5	40	1	1	46	219.56956	163903
2	0.4	40	1	1	48	237.90949	229533
2	0.3	40	1	1	49	256.83734	211254
2	0.2	40	1	1	52	276.4938	254352
2	1.8	40	1	2	29	21.14902	504640
2	1.7	40	1	2	31	33.475588	578132
2	1.6	40	1	2	33	46.483788	918638
2	1.5	40	1	2	34	60.059226	714869
2	1.4	40	1	2	36	74.133935	1201834
2	1.3	40	1	2	37	88.669802	1173264
2	1.2	40	1	2	38	103.62185	1317858
2	1.1	40	1	2	39	118.98292	1322234
2	1	40	1	2	40	134.73219	1098973
2	0.9	40	1	2	41	150.87894	1182266
2	0.8	40	1	2	42	167.41295	1518867
2	0.7	40	1	2	43	184.35497	1618413
2	0.6	40	1	2	45	201.73547	2526600
2	0.5	40	1	2	46	219.57047	2246531
2	0.4	40	1	2	48	237.90983	3378556
2	0.3	40	1	2	49	256.83752	3294127
2	0.2	40	1	2	52	276.49384	4078773
2	1.8	40	1	3	29	21.393763	1384687
2	1.7	40	1	3	31	33.797391	1732866
2	1.6	40	1	3	33	46.825275	3039494
2	1.5	40	1	3	34	60.405236	2391600
2	1.4	40	1	3	35	74.451538	2662554
2	1.3	40	1	3	36	88.945925	3065391
2	1.2	40	1	3	38	103.86377	4751445
2	1.1	40	1	3	39	119.18178	4831221
2	1	40	1	3	40	134.90057	4172405
2	0.9	40	1	3	41	151.00765	4594591
2	0.8	40	1	3	42	167.51649	5778494
2	0.7	40	1	3	43	184.42777	5674737
2	0.6	40	1	3	45	201.77765	9675223
2	0.5	40	1	3	46	219.6013	6951884
2	0.4	40	1	3	48	237.92492	12829406
2	0.3	40	1	3	49	256.84703	10813858
2	0.2	40	1	3	52	276.49664	12274294
2	1.8	40	1	4	29	21.459123	3343894
2	1.7	40	1	4	31	33.876427	4058309
2	1.6	40	1	4	33	46.931648	6899911
2	1.5	40	1	4	34	60.526609	5190299
2	1.4	40	1	4	35	74.586223	5773799
2	1.3	40	1	4	36	89.082706	6136482
2	1.2	40	1	4	38	103.9935	10225262
2	1.1	40	1	4	39	119.30939	10110045
2	1	40	1	4	40	135.01314	8230913
2	0.9	40	1	4	41	151.10928	8760893
2	0.8	40	1	4	42	167.60081	10998526
2	0.7	40	1	4	43	184.50334	11431200
2	0.6	40	1	4	45	201.83135	18150156
2	0.5	40	1	4	46	219.64051	16131170
2	0.4	40	1	4	47	237.94937	17338483
2	0.3	40	1	4	49	256.8618	20907878
2	0.2	40	1	4	52	276.50249	30027570
2	1.8	20	0.5	1	28	19.492755	77949
2	1.7	20	0.5	1	31	31.443363	117548
2	1.6	20	0.5	1	32	44.188602	96127
2	1.5	20	0.5	1	34	57.587591	132570
2	1.4	20	0.5	1	35	71.524855	111692
2	1.3	20	0.5	1	37	85.986151	154442
2	1.2	20	0.5	1	38	100.90042	164570
2	1.1	20	0.5	1	39	116.2539	141788
2	1	20	0.5	1	41	132.0327	200224
2	0.9	20	0.5	1	42	148.25053	163256
2	0.8	20	0.5	1	43	164.89068	168137
2	0.7	20	0.5	1	45	181.95855	239377
2	0.6	20	0.5	1	46	199.50404	213754
2	0.5	20	0.5	1	48	217.53474	238503
2	0.4	20	0.5	1	50	236.11679	272933
2	0.3	20	0.5	1	52	255.34167	321521
2	0.2	20	0.5	1	55	275.34756	399473
2	1.8	20	0.5	2	27	20.039327	497944
2	1.7	20	0.5	2	29	31.947089	647544
2	1.6	20	0.5	2	31	44.604509	735253
2	1.5	20	0.5	2	33	57.924734	1347933
2	1.4	20	0.5	2	35	71.793735	1475349
2	1.3	20	0.5	2	36	86.187707	1692581
2	1.2	20	0.5	2	38	101.0444	2466403
2	1.1	20	0.5	2	39	116.36923	2009903
2	1	20	0.5	2	40	132.12071	2472194
2	0.9	20	0.5	2	42	148.30268	3016301
2	0.8	20	0.5	2	43	164.92805	2594127
2	0.7	20	0.5	2	44	181.98345	3665768
2	0.6	20	0.5	2	46	199.51869	4315466
2	0.5	20	0.5	2	48	217.54168	5030750
2	0.4	20	0.5	2	50	236.12013	6340750
2	0.3	20	0.5	2	52	255.34317	6787554
2	0.2	20	0.5	2	55	275.34797	9940267
2	1.8	20	0.5	3	27	20.367799	1505762
2	1.7	20	0.5	3	29	32.434121	1999225
2	1.6	20	0.5	3	31	45.20058	2571977
2	1.5	20	0.5	3	33	58.557106	4759750
2	1.4	20	0.5	3	34	72.426475	3399610
2	1.3	20	0.5	3	36	86.779898	6319309
2	1.2	20	0.5	3	37	101.59562	7186120
2	1.1	20	0.5	3	38	116.8393	6443509
2	1	20	0.5	3	40	132.52197	10948147
2	0.9	20	0.5	3	41	148.63874	7715755
2	0.8	20	0.5	3	42	165.18127	8727776
2	0.7	20	0.5	3	44	182.18751	15339320
2	0.6	20	0.5	3	46	199.6562	18603352
2	0.5	20	0.5	3	47	217.63812	11138942
2	0.4	20	0.5	3	49	236.18149	15570952
2	0.3	20	0.5	3	52	255.37178	24065321
2	0.2	20	0.5	3	55	275.35987	35315081
2	1.8	20	0.5	4	27	20.498658	4000365
2	1.7	20	0.5	4	29	32.593163	5156202
2	1.6	20	0.5	4	31	45.383974	7110692
2	1.5	20	0.5	4	33	58.753236	11994098
2	1.4	20	0.5	4	34	72.637121	9692378
2	1.3	20	0.5	4	36	86.991653	15330163
2	1.2	20	0.5	4	37	101.80609	15558995
2	1.1	20	0.5	4	38	117.046	12696022
2	1	20	0.5	4	40	132.71179	20322831
2	0.9	20	0.5	4	41	148.81378	15663473
2	0.8	20	0.5	4	42	165.33523	17115379
2	0.7	20	0.5	4	44	182.31373	33724755
2	0.6	20	0.5	4	45	199.75621	27285071
2	0.5	20	0.5	4	47	217.7173	29341240
2	0.4	20	0.5	4	49	236.23613	44167157
2	0.3	20	0.5	4	52	255.4028	88721664
2	0.2	20	0.5	4	55	275.37444	135682118
2	1.8	10	0.25	1	26	17.406405	99479
2	1.7	10	0.25	1	29	28.772203	127911
2	1.6	10	0.25	1	31	41.094364	144250
2	1.5	10	0.25	1	33	54.184121	165199
2	1.4	10	0.25	1	35	67.928526	197055
2	1.3	10	0.25	1	36	82.234781	206875
2	1.2	10	0.25	1	38	97.091286	229940
2	1.1	10	0.25	1	40	112.43257	258055
2	1	10	0.25	1	41	128.26076	221317
2	0.9	10	0.25	1	43	144.56188	290598
2	0.8	10	0.25	1	44	161.33011	278517
2	0.7	10	0.25	1	46	178.59291	317909
2	0.6	10	0.25	1	48	196.36092	342052
2	0.5	10	0.25	1	50	214.67423	320543
2	0.4	10	0.25	1	53	233.59462	468713
2	0.3	10	0.25	1	56	253.22261	446909
2	0.2	10	0.25	1	60	273.72558	559437
2	1.8	10	0.25	2	24	18.708293	487926
2	1.7	10	0.25	2	27	30.130812	820082
2	1.6	10	0.25	2	29	42.376201	1231419
2	1.5	10	0.25	2	31	55.320154	1833289
2	1.4	10	0.25	2	33	68.890131	2242566
2	1.3	10	0.25	2	35	83.043342	3097550
2	1.2	10	0.25	2	37	97.730988	3934043
2	1.1	10	0.25	2	38	112.94434	3319315
2	1	10	0.25	2	40	128.65473	3984555
2	0.9	10	0.25	2	42	144.85343	6307217
2	0.8	10	0.25	2	44	161.54417	7329289
2	0.7	10	0.25	2	46	178.73574	8197526
2	0.6	10	0.25	2	48	196.45463	9932241
2	0.5	10	0.25	2	50	214.73416	9081780
2	0.4	10	0.25	2	52	233.62601	10955368
2	0.3	10	0.25	2	56	253.23637	12839524
2	0.2	10	0.25	2	60	273.73006	15910048
2	1.8	10	0.25	3	24	19.045999	2561500
2	1.7	10	0.25	3	27	30.666428	3928936
2	1.6	10	0.25	3	29	43.065973	5710766
2	1.5	10	0.25	3	31	56.123096	7295817
2	1.4	10	0.25	3	33	69.756311	9138268
2	1.3	10	0.25	3	35	83.92205	14850221
2	1.2	10	0.25	3	36	98.594122	12924911
2	1.1	10	0.25	3	38	113.75184	16512323
2	1	10	0.25	3	40	129.37882	20057896
2	0.9	10	0.25	3	41	145.49016	20986341
2	0.8	10	0.25	3	43	162.08555	26217475
2	0.7	10	0.25	3	45	179.17606	28568908
2	0.6	10	0.25	3	47	196.79226	29960954
2	0.5	10	0.25	3	49	214.97544	23471565
2	0.4	10	0.25	3	52	233.7907	36380776
2	0.3	10	0.25	3	55	253.33267	38579435
2	0.2	10	0.25	3	59	273.774	72397056
2	1.8	10	0.25	4	24	19.258169	8012288
2	1.7	10	0.25	4	27	30.936134	12211765
2	1.6	10	0.25	4	29	43.37933	16009326
2	1.5	10	0.25	4	31	56.455969	20292278
2	1.4	10	0.25	4	33	70.09759	22688088
2	1.3	10	0.25	4	34	84.26304	25413987
2	1.2	10	0.25	4	36	98.923784	28840616
2	1.1	10	0.25	4	38	114.05841	36428528
2	1	10	0.25	4	39	129.66571	28970211
2	0.9	10	0.25	4	41	145.75029	50315182
2	0.8	10	0.25	4	43	162.31016	59443010
2	0.7	10	0.25	4	45	179.36677	64084145
2	0.6	10	0.25	4	47	196.94975	79802111
2	0.5	10	0.25	4	49	215.10018	75384404
2	0.4	10	0.25	4	52	233.87831	250029918
2	0.3	10	0.25	4	55	253.38949	261338353
2	0.2	10	0.25	4	59	273.80405	368001917
2	1.8	5	0.125	1	23	14.586349	117381
2	1.7	5	0.125	1	26	25.110727	158948
2	1.6	5	0.125	1	29	36.81232	210674
2	1.5	5	0.125	1	31	49.442107	252172
2	1.4	5	0.125	1	34	62.866056	354458
2	1.3	5	0.125	1	36	76.97566	362931
2	1.2	5	0.125	1	38	91.706172	414417
2	1.1	5	0.125	1	40	107.0165	460766
2	1	5	0.125	1	42	122.88396	522964
2	0.9	5	0.125	1	44	139.29445	516807
2	0.8	5	0.125	1	46	156.24368	578976
2	0.7	5	0.125	1	49	173.74266	684224
2	0.6	5	0.125	1	51	191.82939	642227
2	0.5	5	0.125	1	54	210.53155	763125
2	0.4	5	0.125	1	57	229.92547	721791
2	0.3	5	0.125	1	61	250.1294	850984
2	0.2	5	0.125	1	67	271.3389	1056388
2	1.8	5	0.125	2	21	16.961963	709518
2	1.7	5	0.125	2	24	27.82509	1251385
2	1.6	5	0.125	2	26	39.595707	1658451
2	1.5	5	0.125	2	28	52.124791	2434837
2	1.4	5	0.125	2	30	65.34165	3678997
2	1.3	5	0.125	2	33	79.187104	5138462
2	1.2	5	0.125	2	35	93.64213	6022215
2	1.1	5	0.125	2	37	108.66163	7338868
2	1	5	0.125	2	39	124.24814	9928767
2	0.9	5	0.125	2	42	140.38411	11913563
2	0.8	5	0.125	2	44	157.09801	15081022
2	0.7	5	0.125	2	47	174.38188	17596183
2	0.6	5	0.125	2	50	192.27744	20527912
2	0.5	5	0.125	2	53	210.82967	26631469
2	0.4	5	0.125	2	56	230.10584	22396580
2	0.3	5	0.125	2	61	250.22411	36352368
2	0.2	5	0.125	2	67	271.37451	42764642
2	1.8	5	0.125	3	20	17.468556	3943081
2	1.7	5	0.125	3	23	28.506309	6867567
2	1.6	5	0.125	3	26	40.40313	11411699
2	1.5	5	0.125	3	28	53.025678	14309316
2	1.4	5	0.125	3	30	66.293563	22404856
2	1.3	5	0.125	3	33	80.162786	24062639
2	1.2	5	0.125	3	35	94.608649	34812596
2	1.1	5	0.125	3	37	109.60346	39074817
2	1	5	0.125	3	39	125.13963	46642829
2	0.9	5	0.125	3	41	141.21246	40854499
2	0.8	5	0.125	3	44	157.83691	71144819
2	0.7	5	0.125	3	46	175.02994	47637492
2	0.6	5	0.125	3	49	192.81918	55768039
2	0.5	5	0.125	3	52	211.25594	71470549
2	0.4	5	0.125	3	56	230.41635	79846177
2	0.3	5	0.125	3	60	250.42499	117221236
2	0.2	5	0.125	3	66	271.47901	377128036
2	1.8	5	0.125	4	20	17.708414	12744172
2	1.7	5	0.125	4	23	28.826216	23577469
2	1.6	5	0.125	4	26	40.789906	35400888
2	1.5	5	0.125	4	28	53.473065	41431399
2	1.4	5	0.125	4	30	66.785868	59112728
2	1.3	5	0.125	4	32	80.678528	47631270
2	1.2	5	0.125	4	34	95.118253	57405368
2	1.1	5	0.125	4	36	110.09339	70066429
2	1	5	0.125	4	39	125.59816	106410907
2	0.9	5	0.125	4	41	141.6302	101470735
2	0.8	5	0.125	4	43	158.2006	126313763
2	0.7	5	0.125	4	46	175.33514	142485235
2	0.6	5	0.125	4	49	193.06356	158097052
2	0.5	5	0.125	4	52	211.44477	329293541
2	0.4	5	0.125	4	55	230.55184	399821844
2	0.3	5	0.125	4	60	250.51311	1034516472
2	0.2	5	0.125	4	66	271.52635	1332617298
2	1.8	2.5	0.0625	1	18	11.022754	116341
2	1.7	2.5	0.0625	1	22	20.335117	220354
2	1.6	2.5	0.0625	1	26	31.11529	345517
2	1.5	2.5	0.0625	1	29	43.055834	475588
2	1.4	2.5	0.0625	1	32	55.965499	611273
2	1.3	2.5	0.0625	1	35	69.710714	839999
2	1.2	2.5	0.0625	1	37	84.219476	933582
2	1.1	2.5	0.0625	1	40	99.424093	1105469
2	1	2.5	0.0625	1	43	115.28805	1359460
2	0.9	2.5	0.0625	1	45	131.80083	1399157
2	0.8	2.5	0.0625	1	48	148.95289	1618168
2	0.7	2.5	0.0625	1	52	166.75212	1926996
2	0.6	2.5	0.0625	1	55	185.2412	1994664
2	0.5	2.5	0.0625	1	59	204.46387	2320955
2	0.4	2.5	0.0625	1	64	224.50339	2478630
2	0.3	2.5	0.0625	1	70	245.50612	2564778
2	0.2	2.5	0.0625	1	78	267.72368	2621115
2	1.8	2.5	0.0625	2	17	14.533682	969559
2	1.7	2.5	0.0625	2	20	24.671119	1710148
2	1.6	2.5	0.0625	2	23	35.819718	2904682
2	1.5	2.5	0.0625	2	25	47.82595	4090322
2	1.4	2.5	0.0625	2	28	60.601969	6798290
2	1.3	2.5	0.0625	2	30	74.094866	9687553
2	1.2	2.5	0.0625	2	33	88.259228	15274733
2	1.1	2.5	0.0625	2	35	103.06497	16418767
2	1	2.5	0.0625	2	38	118.49921	24062142
2	0.9	2.5	0.0625	2	41	134.55187	30087184
2	0.8	2.5	0.0625	2	44	151.2399	39456844
2	0.7	2.5	0.0625	2	48	168.58321	50271304
2	0.6	2.5	0.0625	2	51	186.63676	49072441
2	0.5	2.5	0.0625	2	56	205.46577	81569110
2	0.4	2.5	0.0625	2	61	225.15928	76129955
2	0.3	2.5	0.0625	2	68	245.87803	84785852
2	0.2	2.5	0.0625	2	77	267.88586	99012087
2	1.8	2.5	0.0625	3	16	15.423203	5664318
2	1.7	2.5	0.0625	3	19	25.809122	12263067
2	1.6	2.5	0.0625	3	22	37.139227	21481944
2	1.5	2.5	0.0625	3	24	49.255827	26205276
2	1.4	2.5	0.0625	3	27	62.06026	39092849
2	1.3	2.5	0.0625	3	29	75.515204	51218916
2	1.2	2.5	0.0625	3	32	89.589299	94153714
2	1.1	2.5	0.0625	3	34	104.27903	94911380
2	1	2.5	0.0625	3	37	119.58496	139857052
2	0.9	2.5	0.0625	3	40	135.51328	173486840
2	0.8	2.5	0.0625	3	44	152.07817	266711155
2	0.7	2.5	0.0625	3	47	169.31868	226516841
2	0.6	2.5	0.0625	3	51	187.2645	237594269
2	0.5	2.5	0.0625	3	55	205.98099	282601159
2	0.4	2.5	0.0625	3	61	225.56557	331134130
2	0.3	2.5	0.0625	3	67	246.16879	280686207
2	0.2	2.5	0.0625	3	76	268.05802	864103069
2	1.8	2.5	0.0625	4	15	15.848533	17968560
2	1.7	2.5	0.0625	4	18	26.312904	32570694
2	1.6	2.5	0.0625	4	21	37.682327	65934919
2	1.5	2.5	0.0625	4	24	49.809035	91851584
2	1.4	2.5	0.0625	4	26	62.629941	97391905
2	1.3	2.5	0.0625	4	29	76.1012	147880925
2	1.2	2.5	0.0625	4	32	90.185353	217834973
2	1.1	2.5	0.0625	4	34	104.88472	174538103
2	1	2.5	0.0625	4	37	120.18044	194942824
2	0.9	2.5	0.0625	4	40	136.0814	235431596
2	0.8	2.5	0.0625	4	43	152.60404	302500499
2	0.7	2.5	0.0625	4	47	169.78192	382475676
2	0.6	2.5	0.0625	4	51	187.65259	458276787
2	0.5	2.5	0.0625	4	55	206.29234	474854683
2	0.4	2.5	0.0625	4	60	225.79284	608798129
2	0.3	2.5	0.0625	4	67	246.31729	1339428172
2	0.2	2.5	0.0625	4	76	268.13723	1292
2	1.8	100	2	1	40	28.727918	174632
2	1.7	100	2	1	41	44.967888	150074
2	1.6	100	2	1	43	61.904666	161433
2	1.5	100	2	1	44	79.401092	170166
2	1.4	100	2	1	46	97.418384	212183
2	1.3	100	2	1	47	115.88557	224669
2	1.2	100	2	1	48	134.7958	231657
2	1.1	100	2	1	49	154.12074	202346
2	1	100	2	1	50	173.85428	208199
2	0.9	100	2	1	51	193.99026	211902
2	0.8	100	2	1	52	214.54491	219914
2	0.7	100	2	1	53	235.51944	222298
2	0.6	100	2	1	54	256.93488	256765
2	0.5	100	2	1	56	278.84611	267246
2	0.4	100	2	1	57	301.2799	286344
2	0.3	100	2	1	59	324.32621	332113
2	0.2	100	2	1	61	348.11627	386148
2	1.8	100	2	2	39	28.754015	1183635
2	1.7	100	2	2	41	44.986274	1150727
2	1.6	100	2	2	43	61.915691	1273426
2	1.5	100	2	2	44	79.410173	1357785
2	1.4	100	2	2	46	97.422653	1905365
2	1.3	100	2	2	47	115.8883	1846752
2	1.2	100	2	2	48	134.79755	1928509
2	1.1	100	2	2	49	154.1218	1710718
2	1	100	2	2	50	173.85496	1812831
2	0.9	100	2	2	51	193.99072	1945686
2	0.8	100	2	2	52	214.54515	2293243
2	0.7	100	2	2	53	235.51957	2405915
2	0.6	100	2	2	54	256.93495	2664093
2	0.5	100	2	2	56	278.84614	3317505
2	0.4	100	2	2	57	301.27991	3545883
2	0.3	100	2	2	59	324.32621	4279608
2	0.2	100	2	2	61	348.11627	5272690
2	1.8	100	2	3	39	28.908806	3014570
2	1.7	100	2	3	41	45.145465	3434653
2	1.6	100	2	3	43	62.063889	3719382
2	1.5	100	2	3	44	79.552002	3853128
2	1.4	100	2	3	45	97.530364	4299675
2	1.3	100	2	3	47	115.98646	6291234
2	1.2	100	2	3	48	134.86965	6261397
2	1.1	100	2	3	49	154.17787	4958215
2	1	100	2	3	50	173.89915	5262400
2	0.9	100	2	3	51	194.02569	6249454
2	0.8	100	2	3	52	214.56672	6469183
2	0.7	100	2	3	53	235.53562	6901395
2	0.6	100	2	3	54	256.94509	7995396
2	0.5	100	2	3	56	278.85185	9401448
2	0.4	100	2	3	57	301.28324	10115356
2	0.3	100	2	3	59	324.32741	12630272
2	0.2	100	2	3	61	348.11672	14858233
2	1.8	100	2	4	39	28.95181	6713799
2	1.7	100	2	4	41	45.221843	7487448
2	1.6	100	2	4	43	62.156131	7827614
2	1.5	100	2	4	44	79.642806	8218409
2	1.4	100	2	4	45	97.629585	8354660
2	1.3	100	2	4	46	116.07056	8789386
2	1.2	100	2	4	48	134.95913	13109194
2	1.1	100	2	4	49	154.25228	13210439
2	1	100	2	4	50	173.96158	10930435
2	0.9	100	2	4	51	194.08109	11876288
2	0.8	100	2	4	52	214.61015	12411102
2	0.7	100	2	4	53	235.56989	12649506
2	0.6	100	2	4	54	256.9725	14769275
2	0.5	100	2	4	56	278.86814	19165911
2	0.4	100	2	4	57	301.2936	21725375
2	0.3	100	2	4	59	324.33273	23580869
2	0.2	100	2	4	61	348.11889	27084629
2	1.8	50	1	1	38	27.583727	121304
2	1.7	50	1	1	41	43.514091	173825
2	1.6	50	1	1	42	60.203806	176776
2	1.5	50	1	1	44	77.54143	193822
2	1.4	50	1	1	45	95.417874	198784
2	1.3	50	1	1	47	113.80628	211581
2	1.2	50	1	1	48	132.67488	214685
2	1.1	50	1	1	49	151.98094	220255
2	1	50	1	1	50	171.72801	221781
2	0.9	50	1	1	51	191.89848	190286
2	0.8	50	1	1	53	212.52522	270145
2	0.7	50	1	1	54	233.60699	266857
2	0.6	50	1	1	55	255.15249	245594
2	0.5	50	1	1	57	277.21626	330915
2	0.4	50	1	1	59	299.8371	378003
2	0.3	50	1	1	61	323.1178	412700
2	0.2	50	1	1	63	347.19927	398823
2	1.8	50	1	2	38	27.702922	1042131
2	1.7	50	1	2	41	43.587651	1660171
2	1.6	50	1	2	42	60.268363	1814284
2	1.5	50	1	2	44	77.578795	2103093
2	1.4	50	1	2	45	95.446701	2169883
2	1.3	50	1	2	46	113.82482	1715032
2	1.2	50	1	2	48	132.68688	2790979
2	1.1	50	1	2	49	151.98952	2724541
2	1	50	1	2	50	171.73356	2922136
2	0.9	50	1	2	51	191.90229	2357631
2	0.8	50	1	2	53	212.52692	4120655
2	0.7	50	1	2	54	233.60803	3891880
2	0.6	50	1	2	55	255.15311	3520729
2	0.5	50	1	2	57	277.21651	5176964
2	0.4	50	1	2	59	299.83719	6146883
2	0.3	50	1	2	61	323.11783	7205964
2	0.2	50	1	2	63	347.19928	6947756
2	1.8	50	1	3	38	28.036898	3019429
2	1.7	50	1	3	40	43.984267	3661418
2	1.6	50	1	3	42	60.658118	6002117
2	1.5	50	1	3	43	77.941202	4451455
2	1.4	50	1	3	45	95.778131	6888888
2	1.3	50	1	3	46	114.11157	5388787
2	1.2	50	1	3	47	132.91115	6446893
2	1.1	50	1	3	49	152.17258	10204560
2	1	50	1	3	50	171.87569	9984406
2	0.9	50	1	3	51	192.02221	9241914
2	0.8	50	1	3	52	212.60381	9436384
2	0.7	50	1	3	54	233.65953	13362577
2	0.6	50	1	3	55	255.18951	11614873
2	0.5	50	1	3	57	277.23701	17399011
2	0.4	50	1	3	58	299.84951	13760548
2	0.3	50	1	3	61	323.12306	23444746
2	0.2	50	1	3	63	347.20123	20595750
2	1.8	50	1	4	38	28.124345	6800261
2	1.7	50	1	4	40	44.108881	8125484
2	1.6	50	1	4	42	60.819107	13903602
2	1.5	50	1	4	43	78.120681	9938500
2	1.4	50	1	4	45	95.962102	15231197
2	1.3	50	1	4	46	114.29585	18905296
2	1.2	50	1	4	47	133.09252	15345106
2	1.1	50	1	4	49	152.3319	17831537
2	1	50	1	4	50	172.02211	19210289
2	0.9	50	1	4	51	192.14587	15844694
2	0.8	50	1	4	52	212.71226	19537422
2	0.7	50	1	4	54	233.73801	30942838
2	0.6	50	1	4	55	255.25328	24445716
2	0.5	50	1	4	57	277.27608	35017072
2	0.4	50	1	4	58	299.87643	32737962
2	0.3	50	1	4	61	323.13655	52681204
2	0.2	50	1	4	63	347.20711	39633337
2	1.8	25	0.5	1	37	25.897811	169250
2	1.7	25	0.5	1	40	41.361856	224076
2	1.6	25	0.5	1	42	57.731551	210804
2	1.5	25	0.5	1	43	74.83163	221219
2	1.4	25	0.5	1	45	92.560521	244584
2	1.3	25	0.5	1	46	110.83729	216737
2	1.2	25	0.5	1	48	129.65153	276875
2	1.1	25	0.5	1	49	148.94992	235412
2	1	25	0.5	1	51	168.72775	306534
2	0.9	25	0.5	1	52	188.98652	257323
2	0.8	25	0.5	1	54	209.70938	330369
2	0.7	25	0.5	1	55	230.93549	300550
2	0.6	25	0.5	1	57	252.67057	334990
2	0.5	25	0.5	1	59	274.95444	365924
2	0.4	25	0.5	1	61	297.8548	424265
2	0.3	25	0.5	1	63	321.45987	381893
2	0.2	25	0.5	1	67	345.93282	592110
2	1.8	25	0.5	2	35	26.34265	939268
2	1.7	25	0.5	2	38	41.733442	1886305
2	1.6	25	0.5	2	41	58.022641	2371020
2	1.5	25	0.5	2	43	75.044304	3345398
2	1.4	25	0.5	2	44	92.71035	2841016
2	1.3	25	0.5	2	46	110.9596	3532118
2	1.2	25	0.5	2	48	129.73002	4904718
2	1.1	25	0.5	2	49	149.01232	3892285
2	1	25	0.5	2	51	168.76514	6180729
2	0.9	25	0.5	2	52	189.01446	4593106
2	0.8	25	0.5	2	53	209.7257	5644198
2	0.7	25	0.5	2	55	230.94712	5779971
2	0.6	25	0.5	2	57	252.67639	6816437
2	0.5	25	0.5	2	59	274.95738	7842467
2	0.4	25	0.5	2	61	297.8562	11330422
2	0.3	25	0.5	2	63	321.46053	9777196
2	0.2	25	0.5	2	67	345.93296	14303940
2	1.8	25	0.5	3	36	26.874754	4615022
2	1.7	25	0.5	3	38	42.440742	6034633
2	1.6	25	0.5	3	40	58.806091	5742745
2	1.5	25	0.5	3	42	75.836688	8304530
2	1.4	25	0.5	3	44	93.453245	12129221
2	1.3	25	0.5	3	45	111.62436	9364080
2	1.2	25	0.5	3	47	130.31941	15867915
2	1.1	25	0.5	3	48	149.50158	11625991
2	1	25	0.5	3	50	169.17541	19387790
2	0.9	25	0.5	3	51	189.32739	14574369
2	0.8	25	0.5	3	53	209.98027	23123668
2	0.7	25	0.5	3	55	231.12247	22596794
2	0.6	25	0.5	3	56	252.79942	20739787
2	0.5	25	0.5	3	58	275.04022	19889579
2	0.4	25	0.5	3	60	297.90131	25030281
2	0.3	25	0.5	3	63	321.48583	44704833
2	0.2	25	0.5	3	66	345.9429	49996839
2	1.8	25	0.5	4	36	27.020625	14319233
2	1.7	25	0.5	4	38	42.637967	14444926
2	1.6	25	0.5	4	40	59.042757	13549298
2	1.5	25	0.5	4	42	76.099997	20751055
2	1.4	25	0.5	4	44	93.738964	25631929
2	1.3	25	0.5	4	45	111.91975	17591970
2	1.2	25	0.5	4	47	130.60249	28542797
2	1.1	25	0.5	4	48	149.77507	24982401
2	1	25	0.5	4	50	169.42663	37292614
2	0.9	25	0.5	4	51	189.55643	26647889
2	0.8	25	0.5	4	53	210.16891	48376726
2	0.7	25	0.5	4	54	231.28033	39352317
2	0.6	25	0.5	4	56	252.92463	42763912
2	0.5	25	0.5	4	58	275.13258	53657338
2	0.4	25	0.5	4	60	297.96464	82358334
2	0.3	25	0.5	4	63	321.52132	118303954
2	0.2	25	0.5	4	66	345.96007	164059029
2	1.8	12.5	0.25	1	34	23.494043	175306
2	1.7	12.5	0.25	1	38	38.314267	258426
2	1.6	12.5	0.25	1	40	54.219185	283631
2	1.5	12.5	0.25	1	42	70.981484	281555
2	1.4	12.5	0.25	1	44	88.475551	328188
2	1.3	12.5	0.25	1	46	106.62528	340637
2	1.2	12.5	0.25	1	48	125.35987	374745
2	1.1	12.5	0.25	1	50	144.65525	415973
2	1	12.5	0.25	1	52	164.48558	442054
2	0.9	12.5	0.25	1	53	184.85132	465581
2	0.8	12.5	0.25	1	55	205.74291	440057
2	0.7	12.5	0.25	1	57	227.17314	477326
2	0.6	12.5	0.25	1	59	249.16948	520132
2	0.5	12.5	0.25	1	61	271.77182	474279
2	0.4	12.5	0.25	1	64	295.05607	541759
2	0.3	12.5	0.25	1	67	319.11621	638822
2	0.2	12.5	0.25	1	72	344.14843	763583
2	1.8	12.5	0.25	2	32	24.789525	1333787
2	1.7	12.5	0.25	2	35	39.577319	2075740
2	1.6	12.5	0.25	2	38	55.330619	3802903
2	1.5	12.5	0.25	2	40	71.914468	3400982
2	1.4	12.5	0.25	2	42	89.235378	4530122
2	1.3	12.5	0.25	2	45	107.22472	7008848
2	1.2	12.5	0.25	2	47	125.83022	7832502
2	1.1	12.5	0.25	2	49	145.017	8544002
2	1	12.5	0.25	2	51	164.75846	10565435
2	0.9	12.5	0.25	2	53	185.04387	13142687
2	0.8	12.5	0.25	2	55	205.87588	12852631
2	0.7	12.5	0.25	2	57	227.26307	14411215
2	0.6	12.5	0.25	2	59	249.22883	17054018
2	0.5	12.5	0.25	2	61	271.80865	15042696
2	0.4	12.5	0.25	2	64	295.07482	18222333
2	0.3	12.5	0.25	2	67	319.12499	21698624
2	0.2	12.5	0.25	2	72	344.15092	24742818
2	1.8	12.5	0.25	3	32	25.329703	6081979
2	1.7	12.5	0.25	3	35	40.400402	8775766
2	1.6	12.5	0.25	3	38	56.362334	15242220
2	1.5	12.5	0.25	3	40	73.061416	15081246
2	1.4	12.5	0.25	3	42	90.419536	18083249
2	1.3	12.5	0.25	3	44	108.38193	22786978
2	1.2	12.5	0.25	3	46	126.91116	25492360
2	1.1	12.5	0.25	3	48	145.9934	30951773
2	1	12.5	0.25	3	50	165.61107	36860550
2	0.9	12.5	0.25	3	52	185.76544	47013386
2	0.8	12.5	0.25	3	54	206.46584	38209724
2	0.7	12.5	0.25	3	56	227.729	44555751
2	0.6	12.5	0.25	3	58	249.57763	49600543
2	0.5	12.5	0.25	3	61	272.05095	54419017
2	0.4	12.5	0.25	3	63	295.22809	46980062
2	0.3	12.5	0.25	3	67	319.21442	98503905
2	0.2	12.5	0.25	3	72	344.18725	202655920
2	1.8	12.5	0.25	4	32	25.604269	17758943
2	1.7	12.5	0.25	4	35	40.741834	23496679
2	1.6	12.5	0.25	4	37	56.739753	45264039
2	1.5	12.5	0.25	4	40	73.468881	46807638
2	1.4	12.5	0.25	4	42	90.83845	56046812
2	1.3	12.5	0.25	4	44	108.79739	71171550
2	1.2	12.5	0.25	4	46	127.31746	85629972
2	1.1	12.5	0.25	4	48	146.37638	115156634
2	1	12.5	0.25	4	49	165.96634	73244716
2	0.9	12.5	0.25	4	51	186.08893	125005560
2	0.8	12.5	0.25	4	53	206.74989	101087597
2	0.7	12.5	0.25	4	55	227.96505	131001997
2	0.6	12.5	0.25	4	58	249.77153	227869186
2	0.5	12.5	0.25	4	60	272.20267	232680031
2	0.4	12.5	0.25	4	63	295.33725	242298963
2	0.3	12.5	0.25	4	67	319.28119	502616217
2	0.2	12.5	0.25	4	71	344.22259	426989521
2	1.8	6.25	0.125	1	31	20.211604	245651
2	1.7	6.25	0.125	1	35	34.086597	342671
2	1.6	6.25	0.125	1	38	49.306941	417178
2	1.5	6.25	0.125	1	41	65.570761	504757
2	1.4	6.25	0.125	1	43	82.726137	572475
2	1.3	6.25	0.125	1	46	100.64661	671671
2	1.2	6.25	0.125	1	48	119.26985	736486
2	1.1	6.25	0.125	1	50	138.54348	751536
2	1	6.25	0.125	1	52	158.43074	808416
2	0.9	6.25	0.125	1	55	178.93149	914787
2	0.8	6.25	0.125	1	57	200.03556	888084
2	0.7	6.25	0.125	1	60	221.75133	1009029
2	0.6	6.25	0.125	1	63	244.11098	1123970
2	0.5	6.25	0.125	1	66	267.16482	1269763
2	0.4	6.25	0.125	1	69	290.9819	1051522
2	0.3	6.25	0.125	1	74	315.69531	1240570
2	0.2	6.25	0.125	1	80	341.52039	1491028
2	1.8	6.25	0.125	2	28	22.837841	1548674
2	1.7	6.25	0.125	2	31	36.971293	2413311
2	1.6	6.25	0.125	2	34	52.154956	3972291
2	1.5	6.25	0.125	2	37	68.22868	6006202
2	1.4	6.25	0.125	2	39	85.114507	7797664
2	1.3	6.25	0.125	2	42	102.7334	10887313
2	1.2	6.25	0.125	2	44	121.03529	12112177
2	1.1	6.25	0.125	2	47	140.00799	16138509
2	1	6.25	0.125	2	50	159.61154	23020511
2	0.9	6.25	0.125	2	52	179.85547	21183678
2	0.8	6.25	0.125	2	55	200.73426	26128999
2	0.7	6.25	0.125	2	58	222.26254	40344214
2	0.6	6.25	0.125	2	61	244.46559	47657192
2	0.5	6.25	0.125	2	65	267.39207	74456757
2	0.4	6.25	0.125	2	69	291.11559	67789516
2	0.3	6.25	0.125	2	73	315.75935	62247842
2	0.2	6.25	0.125	2	80	341.54477	86916039
2	1.8	6.25	0.125	3	27	23.464076	8628482
2	1.7	6.25	0.125	3	31	37.83573	14321884
2	1.6	6.25	0.125	3	34	53.211806	20130996
2	1.5	6.25	0.125	3	37	69.423113	26796245
2	1.4	6.25	0.125	3	39	86.3816	36317400
2	1.3	6.25	0.125	3	42	104.036	52081891
2	1.2	6.25	0.125	3	44	122.32982	58963727
2	1.1	6.25	0.125	3	47	141.24943	79481340
2	1	6.25	0.125	3	49	160.78249	96202189
2	0.9	6.25	0.125	3	52	180.91741	87063983
2	0.8	6.25	0.125	3	54	201.67032	68095509
2	0.7	6.25	0.125	3	57	223.05886	82836167
2	0.6	6.25	0.125	3	60	245.11274	96726493
2	0.5	6.25	0.125	3	64	267.88883	148141250
2	0.4	6.25	0.125	3	68	291.46682	177817514
2	0.3	6.25	0.125	3	73	315.97921	216141256
2	0.2	6.25	0.125	3	79	341.65316	685932028
2	1.8	6.25	0.125	4	27	23.776977	30496096
2	1.7	6.25	0.125	4	31	38.280173	49261145
2	1.6	6.25	0.125	4	34	53.755559	61895105
2	1.5	6.25	0.125	4	37	70.033984	81680425
2	1.4	6.25	0.125	4	39	87.037627	88723129
2	1.3	6.25	0.125	4	41	104.69027	80639936
2	1.2	6.25	0.125	4	44	122.97758	129464137
2	1.1	6.25	0.125	4	46	141.86076	120640953
2	1	6.25	0.125	4	49	161.33647	201646677
2	0.9	6.25	0.125	4	51	181.4111	191150352
2	0.8	6.25	0.125	4	54	202.09764	206179500
2	0.7	6.25	0.125	4	57	223.41287	259142761
2	0.6	6.25	0.125	4	60	245.3971	274771688
2	0.5	6.25	0.125	4	63	268.10588	425346164
2	0.4	6.25	0.125	4	67	291.62415	474793165
2	0.3	6.25	0.125	4	72	316.08261	715309390
2	0.2	6.25	0.125	4	79	341.70856	1269998876
2	1.8	3.125	0.0625	1	25	15.9622	252505
2	1.7	3.125	0.0625	1	30	28.469497	435854
2	1.6	3.125	0.0625	1	34	42.660359	660772
2	1.5	3.125	0.0625	1	38	58.169283	896778
2	1.4	3.125	0.0625	1	41	74.771034	1100102
2	1.3	3.125	0.0625	1	44	92.317983	1334443
2	1.2	3.125	0.0625	1	47	110.71446	1583645
2	1.1	3.125	0.0625	1	50	129.89268	1859424
2	1	3.125	0.0625	1	53	149.81372	1968545
2	0.9	3.125	0.0625	1	57	170.45306	2513255
2	0.8	3.125	0.0625	1	60	191.80978	2617301
2	0.7	3.125	0.0625	1	63	213.89241	2693842
2	0.6	3.125	0.0625	1	67	236.73329	3120552
2	0.5	3.125	0.0625	1	72	260.38684	3296117
2	0.4	3.125	0.0625	1	77	284.95284	3346224
2	0.3	3.125	0.0625	1	84	310.57947	3873656
2	0.2	3.125	0.0625	1	92	337.54522	3297692
2	1.8	3.125	0.0625	2	23	20.10796	1873929
2	1.7	3.125	0.0625	2	27	33.396322	3560681
2	1.6	3.125	0.0625	2	30	47.868369	6425656
2	1.5	3.125	0.0625	2	33	63.345301	9711093
2	1.4	3.125	0.0625	2	36	79.722744	14884163
2	1.3	3.125	0.0625	2	39	96.932493	21666385
2	1.2	3.125	0.0625	2	42	114.91393	30196405
2	1.1	3.125	0.0625	2	45	133.61911	42274826
2	1	3.125	0.0625	2	48	153.04215	66327011
2	0.9	3.125	0.0625	2	51	173.16817	76992176
2	0.8	3.125	0.0625	2	55	194.02294	92637063
2	0.7	3.125	0.0625	2	59	215.62613	120887655
2	0.6	3.125	0.0625	2	64	238.0237	174822748
2	0.5	3.125	0.0625	2	69	261.2882	182342958
2	0.4	3.125	0.0625	2	74	285.5264	168462297
2	0.3	3.125	0.0625	2	82	310.89653	158482955
2	0.2	3.125	0.0625	2	91	337.67932	136213287
2	1.8	3.125	0.0625	3	22	21.145959	14196695
2	1.7	3.125	0.0625	3	26	34.750974	27994339
2	1.6	3.125	0.0625	3	29	49.429159	46390704
2	1.5	3.125	0.0625	3	32	65.00482	58667567
2	1.4	3.125	0.0625	3	35	81.387139	74627371
2	1.3	3.125	0.0625	3	38	98.530714	96239751
2	1.2	3.125	0.0625	3	41	116.40616	123848586
2	1.1	3.125	0.0625	3	44	134.99863	169252964
2	1	3.125	0.0625	3	48	154.29756	345194606
2	0.9	3.125	0.0625	3	51	174.3122	275385502
2	0.8	3.125	0.0625	3	55	195.04965	362679826
2	0.7	3.125	0.0625	3	59	216.5357	260708909
2	0.6	3.125	0.0625	3	63	238.81572	512008052
2	0.5	3.125	0.0625	3	68	261.94559	331877224
2	0.4	3.125	0.0625	3	74	286.03661	350144784
2	0.3	3.125	0.0625	3	81	311.25257	407184592
2	0.2	3.125	0.0625	3	90	337.88117	1302
2	1.8	3.125	0.0625	4	21	21.619737	44849635
2	1.7	3.125	0.0625	4	25	35.300501	82263343
2	1.6	3.125	0.0625	4	28	50.032837	123785871
2	1.5	3.125	0.0625	4	32	65.66829	163206214
2	1.4	3.125	0.0625	4	35	82.11488	238777939
2	1.3	3.125	0.0625	4	38	99.310035	266577297
2	1.2	3.125	0.0625	4	41	117.21682	266506833
2	1.1	3.125	0.0625	4	44	135.81174	327425470
2	1	3.125	0.0625	4	47	155.08504	356782224
2	0.9	3.125	0.0625	4	51	175.04356	559907427
2	0.8	3.125	0.0625	4	54	195.70751	621384004
2	0.7	3.125	0.0625	4	58	217.10221	973952558
2	0.6	3.125	0.0625	4	62	239.27622	1099030889
2	0.5	3.125	0.0625	4	67	262.30259	835357691
2	0.4	3.125	0.0625	4	73	286.29418	1193
2	0.3	3.125	0.0625	4	80	311.41762	1306
2	0.2	3.125	0.0625	4	90	337.96922	1770
